0 0.078646 0.126838 0.157292 0.253676
0 0.227344 0.431526 0.195312 0.221507
0 0.421615 0.873621 0.127604 0.201287
0 0.919271 0.025276 0.054167 0.050551
1 0.701823 0.121783 0.035937 0.063419
1 0.370573 0.114890 0.042188 0.071691
1 0.508073 0.300551 0.028646 0.073529
1 0.337760 0.264706 0.035937 0.091912
1 0.015365 0.478401 0.030729 0.096507
1 0.990625 0.966452 0.017708 0.032169
1 0.600000 0.739430 0.028125 0.063419
1 0.119271 0.466452 0.027083 0.050551
1 0.425000 0.494945 0.040625 0.074449
1 0.377344 0.580423 0.047396 0.061581
