968,481,1007,542,1,981,521
0,271,163,348,8,6,323
0,510,567,813,8,14,766
0,983,270,1088,8,1,991
952,556,1031,675,1,964,613
912,1013,941,1050,1,926,1031
