0 0.658594 0.684283 0.015104 0.030331
0 0.438802 0.569393 0.016146 0.063419
0 0.049479 0.475184 0.027083 0.016544
0 0.265885 0.568934 0.007812 0.020221
0 0.869531 0.727482 0.042188 0.022978
1 0.806250 0.852022 0.028125 0.093750
1 0.419792 0.696691 0.031250 0.064338
1 0.317188 0.622702 0.008333 0.024816
1 0.447396 0.850643 0.036458 0.087316
1 0.482292 0.270221 0.032292 0.049632
1 0.503906 0.444393 0.014063 0.010110
1 0.470052 0.330882 0.017188 0.022059
1 0.545833 0.275735 0.031250 0.073529
1 0.450781 0.248621 0.034896 0.070772
1 0.333854 0.138787 0.007292 0.014706
1 0.467187 0.382812 0.034375 0.050551
1 0.509115 0.448529 0.049479 0.066176
