0 0.792969 0.625460 0.069271 0.081801
0 0.004687 0.653493 0.009375 0.022059
0 0.163281 0.434283 0.060937 0.122243
0 0.988802 0.430607 0.021354 0.089154
0 0.679167 0.804228 0.065625 0.117647
1 0.307812 0.020221 0.027083 0.034926
1 0.058333 0.431985 0.034375 0.068015
1 0.154427 0.511029 0.072396 0.093750
1 0.123958 0.284007 0.009375 0.014706
1 0.183333 0.586397 0.022917 0.040441
1 0.497396 0.125460 0.032292 0.041360
1 0.020313 0.722426 0.012500 0.033088
1 0.474740 0.130974 0.008854 0.026654
1 0.017188 0.777574 0.034375 0.073529
1 0.559115 0.162684 0.013021 0.029412
1 0.030729 0.862132 0.007292 0.018382
1 0.051042 0.842371 0.033333 0.118566
