0 0.936198 0.653493 0.020313 0.029412
0 0.299479 0.880055 0.011458 0.030331
0 0.617448 0.169118 0.009896 0.027574
0 0.739062 0.368107 0.009375 0.046875
0 0.089844 0.575827 0.009896 0.028493
1 0.841146 0.362592 0.007292 0.015625
1 0.302604 0.574449 0.015625 0.023897
1 0.532292 0.858915 0.018750 0.034007
1 0.164323 0.595129 0.005729 0.017463
1 0.627865 0.367647 0.020313 0.036765
1 0.479687 0.666360 0.011458 0.029412
1 0.764323 0.941636 0.029687 0.045037
1 0.949479 0.823529 0.061458 0.101103
1 0.390104 0.486673 0.020833 0.024816
1 0.015365 0.430147 0.030729 0.038603
1 0.390625 0.423713 0.060417 0.128676
1 0.315885 0.375460 0.015104 0.050551
1 0.013802 0.204963 0.027604 0.090074
1 0.310417 0.504136 0.015625 0.034007
1 0.329427 0.537224 0.026562 0.039522
1 0.005208 0.358915 0.010417 0.026654
1 0.092448 0.264246 0.021354 0.061581
