0 0.596615 0.039982 0.065104 0.076287
0 0.533854 0.659007 0.066667 0.112132
0 0.567969 0.973346 0.049479 0.051471
0 0.101302 0.621783 0.055729 0.098346
0 0.079427 0.988051 0.025521 0.022059
0 0.118490 0.313419 0.045312 0.068015
0 0.608073 0.248621 0.058854 0.124081
1 0.520052 0.647059 0.009896 0.023897
1 0.937760 0.632353 0.058854 0.071691
1 0.107813 0.645221 0.075000 0.086397
1 0.579427 0.588695 0.027604 0.039522
1 0.055469 0.708640 0.042188 0.040441
1 0.208594 0.272059 0.026562 0.088235
1 0.004687 0.698989 0.009375 0.011949
