0 0.952604 0.109375 0.093750 0.172794
0 0.838281 0.706801 0.073438 0.126838
0 0.350781 0.747702 0.076563 0.120404
0 0.455990 0.272518 0.127604 0.193934
0 0.868750 0.407629 0.088542 0.181066
0 0.797135 0.987592 0.068229 0.022978
0 0.392969 0.505974 0.081771 0.195772
1 0.869271 0.939338 0.022917 0.036765
1 0.152865 0.814798 0.059896 0.068934
1 0.526042 0.337776 0.029167 0.079963
1 0.044792 0.932904 0.010417 0.018382
1 0.532813 0.362132 0.009375 0.014706
1 0.041146 0.131434 0.006250 0.014706
1 0.959115 0.595129 0.021354 0.034007
