0 0.205469 0.718750 0.128646 0.191176
0 0.714583 0.226562 0.096875 0.195772
0 0.027865 0.057904 0.055729 0.112132
0 0.879427 0.822151 0.146354 0.208640
0 0.543229 0.017004 0.062500 0.034007
0 0.149740 0.465533 0.085938 0.147978
0 0.770573 0.539062 0.102604 0.109375
1 0.436979 0.291360 0.010417 0.025735
1 0.190104 0.986213 0.020833 0.025735
1 0.949740 0.781250 0.050521 0.097426
1 0.231771 0.923254 0.045833 0.063419
1 0.255729 0.153952 0.027083 0.045037
1 0.797396 0.728401 0.025000 0.063419
1 0.229687 0.662224 0.013542 0.022978
1 0.587240 0.785846 0.022396 0.033088
1 0.814844 0.698529 0.049479 0.064338
