0 0.894010 0.077665 0.200521 0.155331
0 0.073177 0.092371 0.146354 0.184743
0 0.955729 0.482077 0.087500 0.386949
0 0.191927 0.611213 0.265104 0.290441
0 0.366146 0.889706 0.251042 0.218750
1 0.903646 0.557904 0.023958 0.040441
1 0.382292 0.159007 0.040625 0.086397
1 0.437500 0.107537 0.036458 0.045956
1 0.254948 0.105239 0.036979 0.094669
1 0.767969 0.066636 0.036979 0.061581
1 0.041406 0.090074 0.063021 0.051471
1 0.317188 0.628676 0.028125 0.023897
1 0.397656 0.131893 0.034896 0.070772
1 0.285156 0.484375 0.030729 0.034926
1 0.802865 0.635570 0.045312 0.111213
