0 0.716927 0.771140 0.015104 0.036765
0 0.266927 0.259191 0.016146 0.029412
0 0.147917 0.099724 0.041667 0.043199
0 0.520833 0.573070 0.044792 0.059743
1 0.613542 0.470129 0.047917 0.096507
1 0.717708 0.241268 0.007292 0.015625
1 0.348958 0.340533 0.013542 0.026654
1 0.837240 0.944393 0.030729 0.030331
1 0.424479 0.277114 0.009375 0.013787
1 0.081510 0.732537 0.013021 0.011029
1 0.677604 0.427390 0.032292 0.047794
1 0.332292 0.628217 0.045833 0.171875
1 0.760417 0.219210 0.009375 0.015625
1 0.315625 0.804688 0.007292 0.015625
1 0.904167 0.237132 0.009375 0.014706
1 0.792188 0.272978 0.009375 0.016544
1 0.416927 0.905331 0.030729 0.051471
1 0.393490 0.982537 0.054688 0.033088
1 0.955990 0.194393 0.010937 0.022978
1 0.732292 0.277574 0.006250 0.009191
1 0.747917 0.269301 0.031250 0.069853
1 0.386719 0.771599 0.008854 0.028493
1 0.996354 0.342831 0.006250 0.038603
1 0.935677 0.350643 0.033854 0.030331
1 0.918229 0.254136 0.061458 0.087316
1 0.811719 0.293658 0.027604 0.048713
1 0.720052 0.333640 0.030729 0.066176
