0 0.589063 0.823989 0.035417 0.017463
0 0.584115 0.017463 0.011979 0.034926
0 0.033594 0.046415 0.043229 0.024816
0 0.064323 0.968290 0.018229 0.057904
0 0.017448 0.554228 0.023438 0.038603
0 0.555469 0.540441 0.040104 0.051471
1 0.102344 0.528952 0.006771 0.013787
1 0.692448 0.528493 0.064062 0.148897
1 0.476042 0.195772 0.014583 0.033088
1 0.647917 0.346967 0.023958 0.052390
1 0.683854 0.757353 0.011458 0.018382
1 0.249479 0.242188 0.008333 0.017463
1 0.314063 0.279871 0.006250 0.011949
1 0.275521 0.067096 0.029167 0.031250
1 0.264323 0.111673 0.023438 0.041360
