0 0.466927 0.255055 0.018229 0.103860
0 0.650781 0.015625 0.039062 0.031250
0 0.707552 0.981158 0.024479 0.035846
0 0.891927 0.750000 0.010937 0.077206
0 0.058333 0.603860 0.042708 0.040441
1 0.128385 0.223805 0.020313 0.037684
1 0.177344 0.309283 0.009896 0.015625
1 0.815885 0.843290 0.007812 0.013787
1 0.504167 0.017923 0.010417 0.019301
1 0.763802 0.520221 0.052604 0.093750
1 0.440885 0.007353 0.013021 0.014706
1 0.232292 0.036305 0.012500 0.026654
1 0.341667 0.822610 0.010417 0.020221
1 0.514323 0.698529 0.010937 0.018382
