0 0.376042 0.331342 0.031250 0.041360
0 0.929167 0.261949 0.032292 0.018382
0 0.628385 0.982077 0.023438 0.034007
0 0.178385 0.344210 0.014063 0.054228
0 0.947135 0.965533 0.019271 0.067096
0 0.580729 0.266544 0.050000 0.022059
0 0.784635 0.238051 0.041146 0.047794
1 0.240365 0.468750 0.027604 0.049632
1 0.438021 0.663603 0.035417 0.053309
1 0.602344 0.676471 0.014063 0.023897
1 0.535937 0.465074 0.025000 0.051471
1 0.691927 0.586397 0.026562 0.051471
1 0.486458 0.948070 0.008333 0.021140
1 0.163802 0.181066 0.013021 0.016544
