0 0.232292 0.994485 0.009375 0.009191
0 0.386979 0.423254 0.046875 0.131434
0 0.009115 0.075368 0.018229 0.038603
0 0.306250 0.736213 0.043750 0.125000
0 0.927344 0.401195 0.056771 0.079963
0 0.960677 0.106158 0.047396 0.089154
0 0.501302 0.066176 0.045312 0.079044
0 0.800260 0.743107 0.071354 0.070772
1 0.926823 0.183824 0.039062 0.045956
1 0.454427 0.885570 0.013021 0.017463
1 0.259115 0.692555 0.008854 0.021140
1 0.216927 0.853401 0.011979 0.019301
1 0.022917 0.298254 0.018750 0.024816
1 0.129688 0.170496 0.011458 0.013787
1 0.125260 0.207261 0.007812 0.021140
1 0.065365 0.136489 0.010937 0.013787
1 0.089063 0.069853 0.062500 0.134191
1 0.027865 0.216912 0.024479 0.034926
1 0.030990 0.176930 0.020313 0.026654
1 0.094792 0.275735 0.016667 0.038603
1 0.034635 0.131893 0.021354 0.026654
1 0.089063 0.139706 0.032292 0.071691
