0 0.052083 0.817096 0.104167 0.363971
0 0.652344 0.183824 0.158854 0.273897
0 0.140625 0.252298 0.092708 0.162684
0 0.558594 0.465533 0.096354 0.160846
0 0.943490 0.766544 0.111979 0.389706
0 0.390365 0.979320 0.123438 0.039522
0 0.941667 0.970588 0.084375 0.056985
0 0.095052 0.556526 0.190104 0.318934
1 0.265885 0.436121 0.007812 0.022978
1 0.804427 0.812960 0.013021 0.024816
1 0.336458 0.076287 0.020833 0.031250
1 0.725521 0.755974 0.038542 0.050551
1 0.892969 0.402114 0.042188 0.063419
1 0.903646 0.091452 0.011458 0.024816
1 0.548958 0.403033 0.028125 0.052390
1 0.258594 0.505055 0.052604 0.081801
1 0.616667 0.454044 0.011458 0.023897
1 0.255208 0.654412 0.018750 0.029412
1 0.320312 0.563419 0.032292 0.069853
1 0.244531 0.606618 0.014063 0.022059
1 0.833073 0.098346 0.044271 0.049632
