0 0.057813 0.296875 0.028125 0.022059
0 0.302604 0.386029 0.013542 0.060662
0 0.698438 0.462776 0.034375 0.030331
0 0.471615 0.395221 0.015104 0.018382
0 0.886719 0.422794 0.021354 0.075368
1 0.770833 0.724724 0.015625 0.035846
1 0.515104 0.311121 0.011458 0.039522
1 0.972917 0.121324 0.053125 0.060662
1 0.947656 0.329044 0.007812 0.014706
1 0.877865 0.775276 0.015104 0.024816
1 0.010677 0.928768 0.015104 0.019301
1 0.799479 0.077206 0.006250 0.014706
1 0.540625 0.075827 0.013542 0.026654
1 0.194271 0.757353 0.069792 0.257353
1 0.278906 0.539982 0.066146 0.087316
1 0.277604 0.705882 0.152083 0.286765
1 0.535417 0.180607 0.028125 0.070772
1 0.449479 0.096967 0.008333 0.022978
1 0.326562 0.494485 0.015625 0.025735
