0 0.441146 0.642923 0.029167 0.017463
0 0.615104 0.587776 0.023958 0.019301
0 0.806250 0.510570 0.016667 0.052390
0 0.263802 0.654871 0.030729 0.024816
1 0.087240 0.313419 0.006771 0.011029
1 0.692708 0.641544 0.019792 0.022059
1 0.719010 0.783548 0.035937 0.079963
1 0.972396 0.832261 0.025000 0.034007
1 0.528385 0.924173 0.022396 0.048713
1 0.498177 0.979320 0.032813 0.039522
1 0.860938 0.816176 0.013542 0.018382
1 0.280208 0.166820 0.061458 0.114890
1 0.465885 0.978860 0.022396 0.040441
1 0.067969 0.706801 0.116146 0.161765
