0 0.610677 0.800551 0.035937 0.108456
0 0.292187 0.055607 0.061458 0.102022
0 0.967708 0.198989 0.063542 0.074449
0 0.067708 0.369485 0.076042 0.125000
0 0.832031 0.518842 0.054688 0.092831
1 0.102083 0.247702 0.014583 0.037684
1 0.269271 0.223805 0.057292 0.109375
1 0.711979 0.606618 0.016667 0.034926
1 0.009896 0.255055 0.019792 0.147978
1 0.048177 0.289522 0.016146 0.033088
1 0.635156 0.474265 0.009896 0.022059
1 0.931510 0.941176 0.011979 0.018382
1 0.672396 0.480239 0.021875 0.052390
1 0.895573 0.939338 0.005729 0.009191
