0 0.338281 0.661305 0.031771 0.030331
0 0.903646 0.664062 0.030208 0.011949
0 0.575521 0.159926 0.041667 0.027574
0 0.167708 0.890625 0.028125 0.029412
0 0.744010 0.906250 0.014063 0.045956
1 0.215104 0.757353 0.006250 0.016544
1 0.595313 0.602941 0.015625 0.049632
1 0.072656 0.846967 0.043229 0.052390
1 0.219792 0.247243 0.018750 0.025735
1 0.803646 0.166360 0.009375 0.018382
1 0.901302 0.265625 0.017188 0.033088
1 0.792188 0.341912 0.042708 0.110294
1 0.886719 0.231618 0.144271 0.167279
1 0.858854 0.333640 0.031250 0.036765
1 0.802083 0.409467 0.007292 0.015625
1 0.760417 0.254596 0.048958 0.068015
