0 0.282292 0.836857 0.029167 0.015625
0 0.084896 0.848805 0.030208 0.052390
0 0.229427 0.039062 0.015104 0.078125
0 0.695833 0.676930 0.030208 0.054228
0 0.470052 0.768842 0.006771 0.039522
1 0.168229 0.232537 0.009375 0.011029
1 0.437500 0.876379 0.027083 0.048713
1 0.742969 0.380055 0.034896 0.076287
1 0.345573 0.056985 0.022396 0.058824
1 0.233333 0.941636 0.006250 0.022978
1 0.113281 0.920956 0.008854 0.011029
1 0.155990 0.886949 0.009896 0.018382
1 0.110417 0.979320 0.012500 0.017463
1 0.202344 0.943934 0.010937 0.047794
