0 0.821354 0.912224 0.105208 0.173713
0 0.320052 0.221967 0.116146 0.320772
0 0.732552 0.134191 0.147396 0.268382
0 0.933594 0.068474 0.131771 0.136949
0 0.569271 0.217371 0.250000 0.434743
0 0.442708 0.973805 0.052083 0.050551
1 0.703385 0.378676 0.061979 0.095588
1 0.468229 0.381893 0.013542 0.021140
1 0.070052 0.267923 0.010937 0.028493
1 0.995313 0.512868 0.008333 0.016544
1 0.356250 0.285846 0.016667 0.020221
1 0.003646 0.554228 0.007292 0.034926
1 0.510156 0.700368 0.011979 0.022059
1 0.572135 0.518382 0.011979 0.018382
1 0.003646 0.412224 0.007292 0.028493
1 0.002865 0.271599 0.005729 0.043199
1 0.639323 0.648438 0.016146 0.034007
