0 0.184635 0.921875 0.007812 0.036765
0 0.500260 0.150735 0.047396 0.029412
0 0.750781 0.689338 0.034896 0.018382
0 0.615885 0.406710 0.007812 0.030331
1 0.609635 0.410386 0.046354 0.131434
1 0.011719 0.788143 0.023438 0.050551
1 0.802865 0.046415 0.027604 0.041360
1 0.538802 0.442555 0.010937 0.039522
1 0.309896 0.507812 0.012500 0.019301
1 0.511719 0.132812 0.026562 0.032169
1 0.460417 0.134191 0.083333 0.080882
1 0.704948 0.123621 0.013021 0.021140
1 0.215885 0.663603 0.025521 0.047794
1 0.091667 0.899357 0.010417 0.024816
