0 0.929948 0.526195 0.055729 0.111213
0 0.478125 0.606158 0.073958 0.171875
0 0.552344 0.994026 0.006771 0.010110
0 0.027083 0.755974 0.054167 0.135110
0 0.960417 0.893382 0.078125 0.211397
0 0.039323 0.332261 0.078646 0.192096
0 0.442188 0.223805 0.072917 0.135110
1 0.891667 0.215533 0.015625 0.028493
1 0.519531 0.864430 0.009896 0.017463
1 0.992188 0.590533 0.014583 0.052390
1 0.277083 0.955882 0.013542 0.031250
1 0.723437 0.474265 0.006250 0.011029
1 0.536198 0.650735 0.017188 0.031250
1 0.814583 0.760110 0.011458 0.018382
