0 0.011719 0.857537 0.023438 0.034926
0 0.145573 0.060202 0.060937 0.074449
0 0.602865 0.795956 0.050521 0.147059
0 0.940885 0.151654 0.045312 0.090074
0 0.290104 0.185662 0.057292 0.091912
0 0.480469 0.500000 0.071354 0.110294
1 0.788021 0.426471 0.023958 0.047794
1 0.645573 0.861213 0.008854 0.012868
1 0.325260 0.761489 0.015104 0.024816
1 0.160156 0.378676 0.032813 0.115809
1 0.819792 0.992188 0.019792 0.013787
1 0.493229 0.622702 0.008333 0.015625
1 0.173177 0.371324 0.033854 0.064338
1 0.011719 0.396599 0.023438 0.046875
1 0.513281 0.396140 0.015104 0.029412
1 0.899479 0.803768 0.054167 0.090993
1 0.127083 0.630515 0.009375 0.029412
1 0.561458 0.565257 0.082292 0.113971
1 0.547396 0.498162 0.005208 0.012868
1 0.240104 0.582261 0.019792 0.026654
1 0.654167 0.574908 0.159375 0.284007
