0 0.027083 0.082721 0.054167 0.165441
0 0.886198 0.931985 0.068229 0.123162
0 0.150260 0.866728 0.094271 0.095588
0 0.634896 0.234375 0.086458 0.154412
0 0.367708 0.625460 0.121875 0.184743
0 0.780469 0.029412 0.059896 0.058824
1 0.233073 0.718290 0.015104 0.028493
1 0.135417 0.937500 0.016667 0.020221
1 0.555990 0.763787 0.046354 0.062500
1 0.145052 0.611673 0.051562 0.089154
1 0.205208 0.354779 0.011458 0.029412
1 0.528646 0.821691 0.017708 0.020221
1 0.832031 0.841912 0.048438 0.049632
1 0.647917 0.107996 0.007292 0.013787
