0 0.257031 0.464614 0.102604 0.177390
0 0.526563 0.934283 0.082292 0.129596
0 0.003646 0.048254 0.007292 0.096507
0 0.976562 0.706342 0.045833 0.153493
0 0.829427 0.400276 0.057813 0.094669
0 0.392188 0.706342 0.100000 0.166360
0 0.090104 0.149816 0.080208 0.141544
1 0.676823 0.919118 0.007812 0.022059
1 0.057031 0.072610 0.006771 0.016544
1 0.893229 0.402574 0.022917 0.023897
1 0.814844 0.336857 0.016146 0.048713
1 0.182552 0.015165 0.023438 0.030331
1 0.289062 0.596048 0.016667 0.032169
1 0.686979 0.902114 0.008333 0.010110
1 0.136979 0.090993 0.011458 0.022059
1 0.461719 0.593750 0.011979 0.027574
1 0.450260 0.504596 0.005729 0.011029
1 0.355990 0.983915 0.013021 0.030331
1 0.184375 0.166360 0.009375 0.038603
1 0.101562 0.106158 0.007292 0.024816
1 0.522396 0.491268 0.006250 0.011949
1 0.698438 0.969210 0.022917 0.059743
