0 0.495573 0.432904 0.189062 0.500000
0 0.975521 0.885570 0.047917 0.135110
0 0.386979 0.901195 0.092708 0.195772
0 0.652344 0.225184 0.115104 0.174632
1 0.599740 0.737592 0.005729 0.010110
1 0.656250 0.417279 0.011458 0.011029
1 0.927865 0.335018 0.041146 0.068934
1 0.872917 0.190717 0.005208 0.011949
1 0.988802 0.130055 0.021354 0.041360
1 0.458594 0.893842 0.145313 0.210478
1 0.496354 0.741268 0.028125 0.057904
1 0.446615 0.922335 0.022396 0.056066
1 0.534375 0.957261 0.025000 0.057904
1 0.509115 0.905790 0.032813 0.046875
1 0.519792 0.814798 0.020833 0.034007
1 0.464323 0.892004 0.007812 0.010110
