0 0.647917 0.906250 0.107292 0.108456
0 0.807292 0.730699 0.102083 0.183824
0 0.393490 0.094669 0.097396 0.189338
0 0.944271 0.417739 0.079167 0.221507
0 0.076563 0.718750 0.080208 0.180147
1 0.760938 0.397059 0.035417 0.062500
1 0.074740 0.016085 0.039062 0.032169
1 0.891667 0.657169 0.015625 0.018382
1 0.591146 0.492188 0.016667 0.028493
1 0.282813 0.381893 0.021875 0.026654
1 0.798958 0.610294 0.019792 0.033088
1 0.829427 0.953585 0.024479 0.041360
1 0.702604 0.194853 0.045833 0.091912
1 0.436458 0.578585 0.028125 0.034007
1 0.643490 0.129136 0.024479 0.039522
