0 0.248698 0.028952 0.054688 0.057904
0 0.732552 0.663143 0.049479 0.131434
0 0.953125 0.560662 0.071875 0.086397
0 0.073958 0.965533 0.054167 0.067096
0 0.343490 0.802849 0.036979 0.111213
0 0.564063 0.756434 0.052083 0.147059
1 0.057031 0.982537 0.028646 0.025735
1 0.121354 0.541360 0.056250 0.112132
1 0.259115 0.858915 0.041146 0.054228
1 0.320052 0.576287 0.014063 0.047794
1 0.948958 0.669577 0.017708 0.030331
1 0.734375 0.659467 0.020833 0.032169
1 0.601302 0.009191 0.014063 0.018382
1 0.243229 0.466912 0.014583 0.018382
1 0.059115 0.530790 0.054688 0.039522
1 0.767448 0.634651 0.043229 0.078125
1 0.622396 0.909467 0.013542 0.030331
1 0.296875 0.464614 0.038542 0.070772
1 0.719531 0.751379 0.022396 0.024816
1 0.033594 0.357996 0.017188 0.024816
1 0.002604 0.408088 0.005208 0.047794
1 0.776823 0.771599 0.019271 0.024816
1 0.003125 0.568015 0.006250 0.022059
