0 0.543750 0.093750 0.085417 0.126838
0 0.975000 0.167279 0.048958 0.115809
0 0.065625 0.285386 0.065625 0.102022
0 0.486719 0.926930 0.106771 0.144301
0 0.088281 0.041360 0.100521 0.082721
0 0.926042 0.970588 0.059375 0.056985
0 0.973177 0.570772 0.052604 0.136029
1 0.294792 0.510110 0.011458 0.016544
1 0.257812 0.170956 0.006250 0.020221
1 0.157031 0.955882 0.020313 0.034926
1 0.122135 0.721048 0.026562 0.050551
1 0.720573 0.189798 0.032813 0.076287
1 0.700781 0.231618 0.015104 0.027574
1 0.993490 0.020680 0.011979 0.024816
1 0.414062 0.719669 0.014583 0.027574
