0 0.964063 0.843750 0.057292 0.110294
0 0.125781 0.608915 0.051562 0.100184
0 0.821354 0.994485 0.008333 0.009191
0 0.484375 0.349724 0.076042 0.092831
0 0.802344 0.128676 0.051562 0.079044
0 0.677865 0.256434 0.033854 0.060662
0 0.995833 0.022518 0.007292 0.043199
1 0.366927 0.124540 0.032813 0.087316
1 0.401302 0.799632 0.013021 0.014706
1 0.431771 0.789522 0.021875 0.034926
1 0.727604 0.607996 0.034375 0.076287
1 0.402344 0.742188 0.008854 0.011949
1 0.447656 0.776195 0.014063 0.056066
1 0.723958 0.113511 0.029167 0.032169
1 0.706510 0.146599 0.045312 0.131434
1 0.753906 0.053768 0.109896 0.107537
1 0.699219 0.123162 0.013021 0.016544
1 0.770312 0.198070 0.067708 0.153493
1 0.396875 0.840533 0.014583 0.070772
