0 0.048958 0.057904 0.085417 0.115809
0 0.808073 0.613971 0.105729 0.169118
0 0.867188 0.897059 0.112500 0.194853
0 0.327865 0.941636 0.053646 0.114890
0 0.217708 0.719669 0.084375 0.169118
0 0.173177 0.320312 0.076563 0.157169
0 0.571875 0.023897 0.086458 0.047794
0 0.691146 0.218750 0.126042 0.159926
1 0.735677 0.914522 0.014063 0.023897
1 0.382031 0.498162 0.009896 0.014706
1 0.503906 0.150735 0.039062 0.082721
1 0.519531 0.046415 0.008854 0.017463
1 0.820052 0.424173 0.049479 0.103860
1 0.575781 0.544118 0.026562 0.042279
