0 0.959115 0.147518 0.080729 0.192096
0 0.271354 0.138787 0.092708 0.183824
0 0.698958 0.940257 0.101042 0.117647
0 0.032292 0.935202 0.064583 0.127757
0 0.409896 0.390625 0.105208 0.194853
1 0.622656 0.269301 0.057813 0.104779
1 0.551562 0.464614 0.041667 0.037684
1 0.978906 0.294577 0.008854 0.017463
1 0.381510 0.449449 0.018229 0.029412
1 0.236458 0.821691 0.025000 0.034926
1 0.205729 0.768842 0.014583 0.037684
1 0.234896 0.682904 0.013542 0.034926
1 0.303125 0.679688 0.022917 0.039522
1 0.302083 0.780331 0.031250 0.038603
1 0.310677 0.802390 0.165104 0.112132
1 0.184896 0.819853 0.014583 0.025735
1 0.212760 0.686121 0.018229 0.022978
1 0.325521 0.954963 0.015625 0.027574
1 0.321094 0.693934 0.014063 0.018382
