0 0.985156 0.144761 0.028646 0.214154
0 0.894010 0.798254 0.146354 0.315257
0 0.078125 0.058824 0.075000 0.117647
0 0.467708 0.666820 0.165625 0.204963
0 0.537760 0.114430 0.180729 0.228860
0 0.426823 0.809283 0.258854 0.379596
0 0.902083 0.397059 0.194792 0.428309
1 0.037760 0.947151 0.017188 0.026654
1 0.296354 0.698529 0.014583 0.027574
1 0.188281 0.482077 0.021354 0.037684
1 0.684375 0.119026 0.010417 0.028493
1 0.996615 0.653952 0.005729 0.037684
1 0.965365 0.028033 0.027604 0.050551
1 0.564583 0.254596 0.010417 0.018382
1 0.058594 0.472886 0.019271 0.041360
1 0.580990 0.633732 0.026562 0.043199
