0 0.759375 0.464154 0.211458 0.319853
0 0.012760 0.457721 0.025521 0.123162
0 0.933594 0.558364 0.131771 0.204963
0 0.139063 0.511489 0.190625 0.298713
0 0.371094 0.480239 0.229687 0.339154
1 0.448177 0.810662 0.022396 0.020221
1 0.621094 0.148897 0.021354 0.031250
1 0.648177 0.952665 0.038021 0.056066
1 0.735417 0.529871 0.008333 0.011949
1 0.139583 0.829504 0.011458 0.021140
1 0.768490 0.761029 0.045312 0.095588
1 0.715885 0.736213 0.009896 0.029412
1 0.701302 0.774357 0.006771 0.019301
1 0.225521 0.833640 0.025000 0.049632
1 0.179427 0.913143 0.010937 0.013787
