0 0.204687 0.984375 0.015625 0.029412
0 0.442708 0.030331 0.054167 0.060662
0 0.255469 0.183364 0.048438 0.147978
0 0.985417 0.438879 0.028125 0.124081
0 0.828646 0.626838 0.035417 0.071691
0 0.016927 0.325827 0.033854 0.102022
0 0.361979 0.903952 0.067708 0.102022
1 0.837500 0.222886 0.035417 0.045037
1 0.228125 0.259191 0.014583 0.016544
1 0.473177 0.883732 0.011979 0.043199
1 0.094792 0.143382 0.068750 0.073529
1 0.351042 0.251838 0.016667 0.055147
1 0.374740 0.328125 0.030729 0.075368
1 0.265885 0.584559 0.009896 0.012868
1 0.164062 0.527574 0.008333 0.022059
1 0.364844 0.167279 0.010937 0.020221
1 0.113802 0.570312 0.009896 0.017463
1 0.335677 0.022059 0.006771 0.022059
1 0.228906 0.778493 0.013021 0.073529
