0 0.584635 0.126838 0.167187 0.253676
0 0.397135 0.960938 0.131771 0.076287
0 0.161198 0.290901 0.091146 0.171875
0 0.337500 0.165901 0.178125 0.331801
0 0.037760 0.446691 0.075521 0.338235
0 0.707031 0.704504 0.170313 0.335478
0 0.897656 0.543658 0.178646 0.300551
0 0.532031 0.919577 0.097396 0.159007
1 0.046875 0.040901 0.034375 0.081801
1 0.469271 0.328585 0.030208 0.057904
1 0.191406 0.677849 0.014063 0.028493
1 0.813542 0.274357 0.018750 0.043199
1 0.868229 0.081801 0.043750 0.095588
1 0.515885 0.329504 0.042188 0.056066
1 0.547656 0.432445 0.017188 0.028493
1 0.562760 0.305607 0.010937 0.011949
1 0.515885 0.357077 0.017188 0.022978
1 0.476302 0.331801 0.020313 0.044118
1 0.540885 0.469210 0.008854 0.022978
1 0.545312 0.460478 0.007292 0.018382
