0 0.633854 0.757812 0.079167 0.116728
0 0.187500 0.649816 0.085417 0.086397
0 0.879687 0.835018 0.076042 0.079963
1 0.798177 0.683364 0.017188 0.021140
1 0.046094 0.500460 0.024479 0.032169
1 0.981250 0.193015 0.036458 0.113971
1 0.667708 0.659467 0.005208 0.015625
1 0.003646 0.071232 0.007292 0.026654
1 0.728125 0.794577 0.010417 0.021140
1 0.250781 0.632353 0.016146 0.031250
1 0.486719 0.022059 0.014063 0.038603
1 0.166667 0.336397 0.009375 0.016544
1 0.112760 0.193015 0.065104 0.060662
1 0.101823 0.339614 0.015104 0.013787
1 0.051042 0.405790 0.019792 0.041360
1 0.048958 0.255055 0.021875 0.028493
1 0.150781 0.340074 0.018229 0.020221
1 0.098437 0.329963 0.054167 0.080882
1 0.023438 0.237132 0.029167 0.047794
1 0.120573 0.445772 0.010937 0.011029
1 0.042969 0.238971 0.019271 0.025735
1 0.070833 0.267923 0.036458 0.102022
1 0.156250 0.260110 0.014583 0.027574
1 0.110417 0.235754 0.015625 0.022978
1 0.148177 0.245864 0.015104 0.034007
