0 0.082031 0.136489 0.095312 0.195772
0 0.577604 0.025735 0.086458 0.051471
0 0.106510 0.325827 0.114062 0.192096
0 0.533333 0.304688 0.113542 0.204963
0 0.489323 0.694393 0.051562 0.096507
0 0.461458 0.984835 0.091667 0.028493
0 0.963542 0.782629 0.071875 0.171875
1 0.340885 0.880515 0.008854 0.014706
1 0.071875 0.914062 0.014583 0.037684
1 0.180729 0.640625 0.068750 0.077206
1 0.149219 0.145221 0.009896 0.016544
1 0.625260 0.618107 0.045312 0.076287
1 0.228906 0.078125 0.105729 0.156250
1 0.690625 0.066176 0.018750 0.034926
1 0.703125 0.207721 0.009375 0.022059
1 0.369531 0.208640 0.043229 0.053309
1 0.731510 0.221967 0.017188 0.030331
1 0.679948 0.129596 0.008854 0.014706
1 0.481250 0.124081 0.018750 0.016544
1 0.395573 0.088235 0.122396 0.176471
1 0.729688 0.094210 0.013542 0.030331
1 0.448177 0.194853 0.025521 0.053309
1 0.401562 0.078125 0.068750 0.130515
