0 0.409635 0.233915 0.078646 0.083640
0 0.222656 0.414062 0.082812 0.118566
0 0.777865 0.772059 0.080729 0.077206
0 0.610417 0.022059 0.035417 0.044118
0 0.580729 0.976562 0.046875 0.045037
0 0.016927 0.593290 0.033854 0.111213
1 0.752344 0.522518 0.022396 0.035846
1 0.089583 0.579963 0.016667 0.022059
1 0.619531 0.355239 0.069271 0.087316
1 0.684896 0.798713 0.010417 0.012868
1 0.719531 0.241728 0.018229 0.027574
1 0.866146 0.265165 0.054167 0.065257
1 0.808073 0.244026 0.041146 0.034007
1 0.633073 0.737132 0.005729 0.022059
