0 0.571875 0.007812 0.018750 0.015625
0 0.153646 0.200368 0.089583 0.163603
0 0.243750 0.937960 0.079167 0.122243
0 0.614323 0.258732 0.078646 0.159007
0 0.143229 0.539982 0.098958 0.157169
0 0.713802 0.622702 0.099479 0.214154
0 0.704427 0.927849 0.108854 0.142463
1 0.273958 0.167739 0.031250 0.052390
1 0.914583 0.950368 0.061458 0.097426
1 0.629167 0.021140 0.035417 0.042279
1 0.871354 0.801471 0.023958 0.064338
1 0.969792 0.501379 0.012500 0.015625
1 0.688281 0.490349 0.020313 0.034007
1 0.247917 0.685662 0.007292 0.012868
