0 0.657292 0.559283 0.058333 0.094669
0 0.337500 0.944393 0.037500 0.081801
0 0.096875 0.363971 0.060417 0.093750
0 0.849740 0.352482 0.044271 0.118566
0 0.482812 0.799173 0.058333 0.103860
0 0.406250 0.020221 0.065625 0.040441
0 0.262240 0.092831 0.045312 0.112132
1 0.535417 0.958640 0.027083 0.038603
1 0.973698 0.587776 0.013021 0.013787
1 0.508854 0.749081 0.020833 0.031250
1 0.032552 0.251838 0.013021 0.023897
1 0.009115 0.215074 0.009896 0.022059
1 0.006250 0.296875 0.011458 0.009191
1 0.761979 0.803309 0.010417 0.023897
1 0.892708 0.711397 0.014583 0.047794
1 0.853646 0.645221 0.007292 0.012868
1 0.834115 0.716452 0.015104 0.011949
