0 0.332813 0.357537 0.075000 0.159926
0 0.534635 0.090074 0.077604 0.174632
0 0.660417 0.992188 0.039583 0.013787
0 0.030729 0.834559 0.061458 0.176471
0 0.822917 0.839154 0.084375 0.123162
0 0.210156 0.526195 0.063021 0.190257
0 0.961979 0.626838 0.075000 0.145221
1 0.318490 0.988051 0.030729 0.022059
1 0.350260 0.153952 0.048438 0.085478
1 0.185156 0.088695 0.076563 0.114890
1 0.953646 0.590993 0.056250 0.102941
1 0.617188 0.232537 0.016667 0.034926
1 0.439844 0.228401 0.020313 0.041360
1 0.183594 0.542739 0.021354 0.030331
1 0.181771 0.792739 0.025000 0.048713
1 0.445833 0.627298 0.012500 0.021140
1 0.864062 0.184283 0.026042 0.032169
