0 0.963542 0.051471 0.071875 0.102941
0 0.619531 0.430607 0.084896 0.188419
0 0.218229 0.704044 0.077083 0.193015
0 0.120833 0.543658 0.113542 0.197610
0 0.510156 0.135110 0.126562 0.196691
0 0.043750 0.129136 0.084375 0.206801
1 0.077344 0.928309 0.013021 0.023897
1 0.213802 0.894301 0.016146 0.022059
1 0.501823 0.329963 0.008854 0.023897
1 0.882031 0.035386 0.048438 0.070772
1 0.768229 0.897059 0.035417 0.068015
1 0.972135 0.341912 0.054688 0.088235
1 0.622917 0.015165 0.019792 0.030331
1 0.515104 0.484835 0.037500 0.057904
1 0.723698 0.133732 0.039062 0.065257
