0 0.841146 0.196232 0.028125 0.059743
0 0.086458 0.187500 0.051042 0.080882
0 0.605208 0.215993 0.078125 0.117647
0 0.380469 0.168199 0.070312 0.136029
1 0.789062 0.706342 0.026042 0.057904
1 0.741927 0.039062 0.047396 0.078125
1 0.379688 0.789522 0.019792 0.040441
1 0.431510 0.670496 0.009896 0.010110
1 0.011458 0.759191 0.022917 0.102941
1 0.507031 0.017923 0.013021 0.035846
1 0.732812 0.582721 0.010417 0.022059
1 0.732812 0.664982 0.008333 0.021140
1 0.658333 0.392004 0.012500 0.026654
1 0.660677 0.514706 0.024479 0.033088
1 0.598177 0.306066 0.013021 0.033088
1 0.823438 0.533088 0.020833 0.029412
1 0.796094 0.492647 0.021354 0.053309
1 0.611458 0.306066 0.005208 0.011029
1 0.745052 0.584099 0.013021 0.017463
1 0.579688 0.295037 0.027083 0.049632
1 0.779948 0.454504 0.021354 0.028493
1 0.754948 0.483915 0.029687 0.067096
