0 0.011979 0.947610 0.023958 0.102941
0 0.482031 0.517463 0.075521 0.130515
0 0.499479 0.867188 0.091667 0.204963
0 0.499740 0.117647 0.100521 0.137868
0 0.016406 0.568015 0.032813 0.170956
0 0.986198 0.079044 0.026562 0.158088
0 0.015625 0.038143 0.031250 0.061581
1 0.889583 0.340533 0.027083 0.035846
1 0.009115 0.682445 0.005729 0.010110
1 0.993490 0.793199 0.011979 0.033088
1 0.800521 0.470588 0.006250 0.011029
1 0.873437 0.539982 0.041667 0.046875
1 0.788021 0.423254 0.033333 0.068934
1 0.834375 0.497243 0.027083 0.068015
1 0.829688 0.278033 0.006250 0.011949
1 0.812760 0.251379 0.014063 0.046875
