0 0.671354 0.901654 0.082292 0.143382
0 0.447917 0.728401 0.084375 0.155331
0 0.983333 0.412684 0.032292 0.170956
0 0.100260 0.391085 0.107813 0.177390
0 0.004167 0.134651 0.008333 0.048713
0 0.705729 0.062500 0.096875 0.125000
0 0.852604 0.199908 0.090625 0.157169
0 0.250781 0.498162 0.078646 0.147059
1 0.945312 0.250919 0.027083 0.068015
1 0.183333 0.608456 0.030208 0.038603
1 0.866927 0.880055 0.013021 0.021140
1 0.177344 0.115349 0.010937 0.032169
1 0.076302 0.130974 0.013021 0.022978
1 0.094792 0.136949 0.045833 0.075368
1 0.302083 0.227482 0.017708 0.021140
1 0.051823 0.101103 0.046354 0.086397
1 0.331510 0.220129 0.032813 0.043199
1 0.155208 0.051471 0.017708 0.040441
