0 0.442448 0.436581 0.084896 0.150735
0 0.051302 0.121324 0.072396 0.128676
0 0.740365 0.584559 0.079687 0.115809
0 0.959635 0.758732 0.079687 0.109375
0 0.259115 0.244945 0.094271 0.103860
1 0.829948 0.538143 0.070312 0.089154
1 0.457292 0.273438 0.021875 0.056066
1 0.992188 0.013327 0.014583 0.026654
1 0.683594 0.792279 0.007812 0.029412
1 0.717448 0.537224 0.010937 0.017463
1 0.636198 0.759651 0.005729 0.013787
1 0.789583 0.691636 0.010417 0.011949
1 0.752344 0.687960 0.006771 0.017463
1 0.723177 0.659007 0.020313 0.036765
1 0.599219 0.760110 0.008854 0.020221
1 0.863281 0.113051 0.033854 0.040441
1 0.628646 0.627757 0.020833 0.033088
1 0.557292 0.781250 0.012500 0.023897
