0 0.304427 0.425551 0.058854 0.093750
0 0.729688 0.072610 0.050000 0.082721
0 0.888281 0.169577 0.077604 0.085478
0 0.591146 0.818015 0.073958 0.137868
0 0.155208 0.223346 0.037500 0.104779
1 0.050521 0.033548 0.014583 0.019301
1 0.354167 0.158088 0.005208 0.012868
1 0.024740 0.444393 0.048438 0.048713
1 0.445573 0.411305 0.014063 0.019301
1 0.490885 0.580423 0.022396 0.032169
1 0.005990 0.250919 0.010937 0.014706
1 0.976302 0.500919 0.022396 0.042279
1 0.991406 0.598346 0.016146 0.023897
1 0.930469 0.526195 0.015104 0.022978
1 0.987240 0.421415 0.005729 0.015625
1 0.986198 0.548254 0.008854 0.010110
1 0.995573 0.371783 0.007812 0.028493
1 0.983073 0.487132 0.032813 0.075368
1 0.917969 0.492188 0.009896 0.019301
1 0.887500 0.490809 0.007292 0.020221
1 0.885417 0.544118 0.058333 0.077206
1 0.918490 0.458180 0.021354 0.043199
