0 0.222917 0.195772 0.091667 0.170956
0 0.358073 0.608915 0.097396 0.192096
0 0.700781 0.047794 0.099479 0.095588
0 0.872656 0.205423 0.102604 0.173713
0 0.066667 0.012868 0.053125 0.025735
0 0.990625 0.563879 0.017708 0.100184
1 0.667448 0.413143 0.025521 0.039522
1 0.331771 0.027574 0.027083 0.051471
1 0.724219 0.052849 0.010937 0.017463
1 0.659896 0.769761 0.044792 0.078125
1 0.458073 0.412684 0.042188 0.080882
1 0.688021 0.017004 0.012500 0.019301
1 0.610156 0.119945 0.008854 0.015625
1 0.708073 0.088695 0.019271 0.034007
