0 0.433073 0.313419 0.079687 0.158088
0 0.914062 0.096048 0.141667 0.188419
0 0.249219 0.052390 0.074479 0.104779
0 0.509375 0.567555 0.093750 0.201287
0 0.115885 0.971967 0.027604 0.054228
0 0.631510 0.869945 0.078646 0.155331
0 0.932031 0.338695 0.093229 0.197610
0 0.033333 0.830882 0.066667 0.181985
1 0.447656 0.539982 0.032813 0.050551
1 0.964844 0.685202 0.013021 0.035846
1 0.166406 0.223805 0.014063 0.024816
1 0.132031 0.316176 0.046354 0.069853
1 0.903906 0.583180 0.013021 0.019301
1 0.953646 0.620864 0.067708 0.072610
1 0.839063 0.516544 0.053125 0.097426
