0 0.210677 0.643382 0.008854 0.051471
0 0.857812 0.194853 0.019792 0.045956
0 0.288802 0.371324 0.029687 0.018382
0 0.817708 0.479779 0.027083 0.014706
0 0.389583 0.085938 0.014583 0.013787
1 0.217188 0.463695 0.028125 0.037684
1 0.047396 0.917739 0.061458 0.070772
1 0.577865 0.585018 0.007812 0.017463
1 0.005990 0.772518 0.011979 0.032169
1 0.685937 0.323070 0.016667 0.039522
1 0.041927 0.105699 0.022396 0.064338
1 0.033073 0.065717 0.023438 0.065257
1 0.468490 0.476103 0.046354 0.058824
1 0.635677 0.722886 0.022396 0.030331
1 0.924479 0.184283 0.039583 0.074449
1 0.954427 0.118107 0.007812 0.013787
1 0.022917 0.190257 0.017708 0.025735
1 0.583594 0.408088 0.067187 0.084559
1 0.941667 0.089154 0.008333 0.014706
