0 0.159896 0.259191 0.091667 0.136029
0 0.702604 0.540441 0.114583 0.204044
0 0.041927 0.519761 0.083854 0.199449
0 0.940365 0.011029 0.014063 0.022059
0 0.555990 0.847886 0.099479 0.149816
0 0.798958 0.228401 0.081250 0.249081
0 0.318229 0.038603 0.097917 0.077206
1 0.191667 0.161305 0.025000 0.034007
1 0.150000 0.508732 0.060417 0.085478
1 0.348177 0.182445 0.026562 0.048713
1 0.017708 0.548254 0.035417 0.057904
1 0.172656 0.790441 0.014063 0.014706
1 0.101562 0.050092 0.043750 0.070772
1 0.528646 0.281710 0.043750 0.074449
