0 0.848437 0.049173 0.066667 0.098346
0 0.773438 0.366268 0.078125 0.083640
0 0.302344 0.352022 0.065104 0.134191
0 0.207292 0.829963 0.051042 0.077206
0 0.684635 0.967831 0.059896 0.062500
1 0.535937 0.422794 0.005208 0.025735
1 0.018490 0.431066 0.036979 0.071691
1 0.087500 0.602941 0.012500 0.022059
1 0.096615 0.542739 0.010937 0.013787
1 0.732031 0.016544 0.013021 0.011029
1 0.762760 0.159007 0.006771 0.036765
1 0.716667 0.022059 0.007292 0.020221
1 0.014063 0.214154 0.027083 0.014706
1 0.829427 0.440717 0.017188 0.022978
1 0.779167 0.939798 0.005208 0.011949
1 0.004948 0.094210 0.009896 0.022978
1 0.778125 0.513327 0.009375 0.015625
