0 0.331771 0.687960 0.128125 0.204963
0 0.511198 0.782169 0.085938 0.145221
0 0.006771 0.417279 0.013542 0.056985
0 0.074219 0.573529 0.096354 0.154412
0 0.647135 0.027574 0.061979 0.055147
0 0.717969 0.892463 0.079687 0.145221
0 0.922135 0.968290 0.091146 0.061581
0 0.878646 0.058824 0.083333 0.117647
1 0.534635 0.461857 0.031771 0.041360
1 0.168229 0.061581 0.077083 0.102941
1 0.474219 0.546415 0.011979 0.011949
1 0.083073 0.279412 0.008854 0.014706
1 0.307292 0.404412 0.013542 0.020221
1 0.568229 0.587316 0.033333 0.068015
1 0.754167 0.677849 0.039583 0.085478
1 0.320573 0.660846 0.044271 0.080882
1 0.253385 0.610754 0.020313 0.034007
1 0.106771 0.631434 0.011458 0.023897
1 0.052604 0.606158 0.058333 0.118566
1 0.094010 0.645680 0.008854 0.015625
1 0.355729 0.697610 0.047917 0.090074
1 0.783333 0.509651 0.006250 0.010110
1 0.733854 0.711397 0.014583 0.023897
1 0.855729 0.602482 0.052083 0.035846
1 0.113542 0.478401 0.008333 0.010110
1 0.760417 0.523897 0.012500 0.020221
