0 0.821615 0.708640 0.014063 0.029412
0 0.810156 0.405331 0.018229 0.031250
0 0.380729 0.698529 0.008333 0.020221
1 0.479687 0.639706 0.029167 0.066176
1 0.634896 0.309743 0.026042 0.053309
1 0.710938 0.949908 0.021875 0.028493
1 0.441667 0.904412 0.066667 0.053309
1 0.446615 0.159467 0.023438 0.026654
1 0.482812 0.919577 0.016667 0.034007
1 0.482031 0.845129 0.024479 0.046875
1 0.991146 0.987592 0.016667 0.022978
1 0.468229 0.870864 0.017708 0.017463
1 0.384115 0.875919 0.013021 0.014706
1 0.461458 0.943934 0.027083 0.053309
1 0.402604 0.868566 0.008333 0.009191
