0 0.623698 0.812960 0.117188 0.212316
0 0.093229 0.575368 0.094792 0.167279
0 0.111719 0.975184 0.100521 0.047794
0 0.584115 0.519761 0.116146 0.199449
0 0.036198 0.271140 0.065104 0.125000
1 0.308333 0.566176 0.034375 0.066176
1 0.874740 0.256434 0.031771 0.022059
1 0.217448 0.156250 0.025521 0.044118
1 0.597135 0.104320 0.022396 0.054228
1 0.715104 0.907629 0.022917 0.034007
1 0.687760 0.853401 0.029687 0.078125
1 0.821094 0.903493 0.013021 0.023897
1 0.764583 0.811121 0.016667 0.045037
1 0.757292 0.941176 0.006250 0.012868
1 0.801302 0.938879 0.025521 0.041360
1 0.730729 0.910386 0.016667 0.017463
1 0.740625 0.945312 0.084375 0.065257
