0 0.511458 0.884651 0.244792 0.228860
0 0.285417 0.900276 0.177083 0.197610
0 0.897917 0.230239 0.203125 0.401654
0 0.715885 0.907169 0.229687 0.183824
0 0.538021 0.180147 0.265625 0.360294
0 0.389844 0.176471 0.242188 0.352941
0 0.776042 0.228401 0.115625 0.206801
0 0.947656 0.942096 0.103646 0.113971
1 0.823177 0.418199 0.020313 0.033088
1 0.840625 0.009651 0.010417 0.013787
1 0.118490 0.241728 0.017188 0.056985
1 0.360938 0.365349 0.006250 0.013787
1 0.269792 0.369485 0.011458 0.023897
1 0.375521 0.502757 0.014583 0.025735
1 0.631510 0.332721 0.011979 0.022059
