0 0.401823 0.559283 0.007812 0.026654
0 0.177604 0.255055 0.033333 0.046875
0 0.537760 0.701287 0.029687 0.016544
0 0.670312 0.964614 0.013542 0.011949
0 0.834375 0.093290 0.031250 0.028493
1 0.872656 0.312960 0.005729 0.011949
1 0.059115 0.686121 0.010937 0.021140
1 0.649479 0.483915 0.035417 0.056066
1 0.177083 0.769301 0.014583 0.027574
1 0.582031 0.715993 0.039062 0.073529
1 0.037240 0.297335 0.018229 0.039522
1 0.810417 0.771599 0.008333 0.021140
1 0.313542 0.914982 0.046875 0.087316
1 0.886979 0.153493 0.007292 0.011029
1 0.140365 0.855699 0.032813 0.049632
1 0.762760 0.755974 0.013021 0.054228
1 0.006771 0.622702 0.013542 0.092831
