0 0.524479 0.210938 0.051042 0.032169
0 0.450781 0.492647 0.011979 0.060662
0 0.252865 0.837316 0.017188 0.073529
0 0.961458 0.775276 0.008333 0.035846
1 0.869010 0.505055 0.008854 0.024816
1 0.572396 0.813419 0.048958 0.077206
1 0.969010 0.454504 0.035937 0.024816
1 0.372917 0.617647 0.011458 0.040441
1 0.819792 0.819853 0.010417 0.011029
1 0.854688 0.736673 0.007292 0.010110
1 0.878646 0.105239 0.023958 0.037684
1 0.854167 0.201746 0.012500 0.015625
1 0.763281 0.511949 0.013021 0.031250
1 0.903385 0.011489 0.017188 0.011949
1 0.789844 0.648897 0.010937 0.011029
1 0.916146 0.093750 0.026042 0.018382
1 0.866667 0.023897 0.030208 0.047794
1 0.909896 0.091452 0.032292 0.059743
