0 0.667188 0.922335 0.154167 0.153493
0 0.435677 0.107077 0.173437 0.214154
0 0.796354 0.653493 0.165625 0.415441
0 0.982031 0.160846 0.034896 0.115809
0 0.900781 0.467371 0.197396 0.469669
0 0.133073 0.635570 0.266146 0.499081
1 0.120313 0.971967 0.044792 0.054228
1 0.042708 0.722426 0.023958 0.049632
1 0.764844 0.197151 0.023438 0.054228
1 0.850521 0.961397 0.047917 0.075368
1 0.892448 0.057445 0.020313 0.037684
1 0.283854 0.836857 0.042708 0.090993
1 0.655990 0.771599 0.028646 0.046875
1 0.800000 0.243107 0.014583 0.030331
1 0.407031 0.921875 0.053646 0.082721
1 0.252865 0.338695 0.008854 0.015625
