0 0.056250 0.473346 0.025000 0.020221
0 0.292708 0.472426 0.014583 0.036765
0 0.683594 0.564338 0.023438 0.012868
0 0.473958 0.517463 0.028125 0.022059
0 0.996094 0.618107 0.006771 0.030331
0 0.815625 0.606618 0.005208 0.031250
1 0.187500 0.202665 0.015625 0.024816
1 0.089323 0.608915 0.011979 0.019301
1 0.780208 0.372243 0.011458 0.020221
1 0.189323 0.592371 0.025521 0.052390
1 0.370312 0.445772 0.027083 0.062500
1 0.281510 0.764246 0.018229 0.028493
1 0.172135 0.761029 0.015104 0.023897
1 0.556771 0.028493 0.022917 0.056985
1 0.853125 0.621783 0.022917 0.078125
1 0.567187 0.053309 0.027083 0.049632
1 0.794010 0.633732 0.011979 0.035846
1 0.832031 0.718290 0.022396 0.050551
1 0.798958 0.627757 0.010417 0.012868
1 0.810937 0.706801 0.008333 0.014706
