0 0.448437 0.704504 0.117708 0.192096
0 0.980208 0.963235 0.038542 0.071691
0 0.063021 0.104320 0.089583 0.170037
0 0.599219 0.433824 0.127604 0.216912
0 0.784896 0.057445 0.105208 0.114890
1 0.531250 0.578125 0.015625 0.023897
1 0.617448 0.358915 0.025521 0.070772
1 0.098437 0.380515 0.014583 0.033088
1 0.922135 0.011489 0.010937 0.022978
1 0.665885 0.702206 0.013021 0.036765
1 0.327865 0.692096 0.007812 0.011029
1 0.507552 0.377298 0.016146 0.026654
1 0.170573 0.899357 0.006771 0.013787
1 0.086719 0.846967 0.021354 0.041360
1 0.099479 0.938879 0.006250 0.013787
1 0.147396 0.902114 0.017708 0.022978
1 0.178385 0.949449 0.010937 0.022059
1 0.110156 0.943474 0.006771 0.017463
1 0.116927 0.936121 0.017188 0.028493
1 0.007031 0.938879 0.014063 0.015625
1 0.050000 0.882353 0.014583 0.016544
