0 0.518750 0.830882 0.011458 0.027574
0 0.377344 0.468290 0.042188 0.026654
0 0.301563 0.147518 0.009375 0.061581
0 0.801302 0.050092 0.029687 0.028493
0 0.970833 0.426011 0.010417 0.019301
1 0.634635 0.275735 0.014063 0.023897
1 0.803385 0.769761 0.009896 0.015625
1 0.146615 0.199908 0.034896 0.039522
1 0.452604 0.886949 0.014583 0.042279
1 0.015625 0.244026 0.031250 0.085478
1 0.402604 0.979779 0.028125 0.014706
1 0.390885 0.981158 0.018229 0.035846
1 0.809115 0.470588 0.013021 0.022059
1 0.376563 0.521599 0.019792 0.015625
