0 0.565885 0.719669 0.015104 0.045956
0 0.019792 0.665441 0.013542 0.018382
0 0.373698 0.726562 0.022396 0.045037
1 0.027604 0.597426 0.012500 0.020221
1 0.202865 0.289522 0.059896 0.084559
1 0.241667 0.457261 0.005208 0.011949
1 0.367188 0.990349 0.018750 0.017463
1 0.207813 0.759191 0.031250 0.051471
1 0.316667 0.443474 0.008333 0.011949
1 0.645833 0.424632 0.005208 0.012868
1 0.746094 0.568934 0.022396 0.033088
1 0.650781 0.645680 0.023438 0.035846
1 0.996354 0.563879 0.006250 0.061581
1 0.765104 0.498621 0.028125 0.052390
1 0.647135 0.507353 0.054688 0.082721
1 0.691927 0.489430 0.011979 0.015625
1 0.630208 0.463695 0.026042 0.037684
1 0.724479 0.389706 0.042708 0.047794
1 0.697396 0.501379 0.014583 0.041360
