0 0.308854 0.140625 0.069792 0.147059
0 0.968750 0.805147 0.061458 0.167279
0 0.104688 0.928309 0.066667 0.141544
0 0.469010 0.364430 0.073438 0.129596
1 0.903646 0.671875 0.030208 0.058824
1 0.387760 0.842371 0.014063 0.024816
1 0.885938 0.202665 0.006250 0.011949
1 0.581771 0.655790 0.047917 0.081801
1 0.493490 0.690257 0.011979 0.014706
1 0.248177 0.946232 0.066146 0.105699
1 0.587240 0.912684 0.043229 0.079044
1 0.373698 0.893842 0.025521 0.035846
1 0.804427 0.700368 0.026562 0.040441
1 0.056510 0.834559 0.008854 0.022059
