0 0.677083 0.521599 0.059375 0.072610
0 0.528646 0.128217 0.050000 0.083640
0 0.792448 0.768842 0.054688 0.100184
0 0.928646 0.994485 0.045833 0.009191
0 0.034115 0.239890 0.046354 0.125000
0 0.151823 0.703125 0.073438 0.108456
0 0.268750 0.945772 0.045833 0.106618
1 0.314063 0.115809 0.059375 0.106618
1 0.684635 0.036765 0.009896 0.014706
1 0.540625 0.608456 0.026042 0.060662
1 0.490625 0.741268 0.006250 0.010110
1 0.696354 0.756434 0.063542 0.112132
1 0.971615 0.174632 0.055729 0.045956
1 0.380208 0.345129 0.018750 0.024816
1 0.686719 0.840074 0.033854 0.066176
