0 0.834115 0.631893 0.127604 0.223346
0 0.184635 0.985294 0.014063 0.027574
0 0.233594 0.631893 0.143229 0.217831
0 0.899479 0.076746 0.101042 0.153493
1 0.615104 0.030790 0.025000 0.054228
1 0.982031 0.273438 0.014063 0.022978
1 0.338281 0.490349 0.024479 0.059743
1 0.522917 0.666820 0.012500 0.021140
1 0.437500 0.279871 0.011458 0.013787
1 0.444531 0.222886 0.046354 0.107537
1 0.459375 0.226562 0.182292 0.166360
1 0.459115 0.278033 0.026562 0.050551
1 0.504687 0.244485 0.018750 0.022059
1 0.717708 0.901195 0.057292 0.127757
1 0.793750 0.860294 0.021875 0.038603
1 0.399740 0.303309 0.027604 0.062500
1 0.391406 0.399816 0.010937 0.027574
1 0.434375 0.343290 0.097917 0.138787
