0 0.460156 0.261949 0.114062 0.211397
0 0.006771 0.056066 0.013542 0.040441
0 0.173698 0.889246 0.140104 0.201287
0 0.324479 0.561581 0.106250 0.176471
0 0.975000 0.441636 0.048958 0.124081
1 0.461719 0.547794 0.009896 0.018382
1 0.538021 0.148438 0.007292 0.015625
1 0.330990 0.187500 0.013021 0.018382
1 0.765885 0.807904 0.016146 0.023897
1 0.668750 0.724724 0.031250 0.057904
1 0.300521 0.196691 0.007292 0.014706
1 0.060417 0.229320 0.016667 0.043199
1 0.129688 0.182445 0.032292 0.043199
1 0.200521 0.301930 0.010417 0.015625
1 0.030729 0.159467 0.034375 0.111213
1 0.142708 0.337316 0.090625 0.137868
1 0.118750 0.323529 0.044792 0.068015
1 0.143229 0.168199 0.008333 0.018382
1 0.049479 0.345588 0.050000 0.106618
1 0.162240 0.303768 0.053646 0.098346
1 0.082031 0.333180 0.036979 0.085478
1 0.064583 0.267463 0.046875 0.053309
1 0.041927 0.356158 0.006771 0.010110
