0 0.607812 0.336397 0.092708 0.156250
0 0.036979 0.051471 0.073958 0.102941
0 0.335417 0.883272 0.103125 0.141544
1 0.117969 0.093290 0.056771 0.157169
1 0.602865 0.817096 0.007812 0.022059
1 0.699479 0.183824 0.043750 0.086397
1 0.870573 0.134651 0.023438 0.048713
1 0.859635 0.447151 0.072396 0.136949
1 0.960677 0.318474 0.077604 0.153493
1 0.052083 0.018382 0.008333 0.009191
1 0.877604 0.140165 0.019792 0.035846
1 0.834896 0.259651 0.052083 0.078125
1 0.184375 0.197610 0.026042 0.053309
1 0.901563 0.226562 0.022917 0.030331
