0 0.185677 0.854320 0.085938 0.160846
0 0.650521 0.387868 0.084375 0.139706
0 0.814323 0.522978 0.127604 0.198529
0 0.283854 0.028033 0.064583 0.056066
0 0.467969 0.161305 0.115104 0.162684
0 0.038281 0.685662 0.076563 0.123162
1 0.099740 0.937500 0.007812 0.011029
1 0.210677 0.099265 0.015104 0.038603
1 0.536458 0.643842 0.038542 0.059743
1 0.254688 0.693474 0.007292 0.011949
1 0.069271 0.209559 0.009375 0.009191
1 0.252344 0.282169 0.007812 0.018382
1 0.577604 0.914522 0.039583 0.080882
1 0.899219 0.133732 0.028646 0.041360
1 0.926823 0.038603 0.018229 0.023897
1 0.875260 0.079504 0.017188 0.034007
1 0.909375 0.093750 0.021875 0.036765
1 0.952604 0.125000 0.006250 0.012868
1 0.931771 0.149816 0.053125 0.115809
1 0.984896 0.054688 0.029167 0.037684
1 0.946354 0.108456 0.101042 0.204044
1 0.931771 0.092831 0.006250 0.014706
