0 0.778385 0.363971 0.015104 0.034926
0 0.323437 0.019761 0.021875 0.039522
1 0.048958 0.468750 0.020833 0.031250
1 0.670573 0.479320 0.019271 0.041360
1 0.971094 0.644301 0.053646 0.123162
1 0.592969 0.475184 0.019271 0.029412
1 0.533854 0.235754 0.013542 0.032169
1 0.582031 0.512868 0.024479 0.034926
1 0.604688 0.403952 0.008333 0.011949
1 0.628385 0.453585 0.026562 0.039522
1 0.560417 0.533548 0.008333 0.015625
1 0.577604 0.328585 0.021875 0.045037
1 0.638802 0.448070 0.013021 0.017463
1 0.667448 0.548713 0.039062 0.066176
1 0.636979 0.515165 0.009375 0.021140
