0 0.156510 0.882353 0.050521 0.038603
0 0.602083 0.426930 0.041667 0.026654
0 0.703906 0.789522 0.026562 0.055147
0 0.035417 0.462776 0.023958 0.013787
0 0.514323 0.155331 0.011979 0.047794
1 0.214583 0.468750 0.018750 0.031250
1 0.185677 0.824449 0.009896 0.014706
1 0.414062 0.733915 0.101042 0.171875
1 0.763802 0.355239 0.028646 0.043199
1 0.165365 0.488051 0.032813 0.060662
1 0.975260 0.977941 0.035937 0.042279
1 0.688021 0.481618 0.017708 0.034926
1 0.495833 0.564338 0.012500 0.020221
1 0.213542 0.620864 0.089583 0.214154
1 0.253906 0.551471 0.008854 0.016544
