0 0.491146 0.692555 0.084375 0.157169
0 0.031510 0.870864 0.063021 0.215993
0 0.945573 0.710938 0.105729 0.212316
0 0.525521 0.962316 0.037500 0.073529
0 0.879948 0.376838 0.114062 0.148897
0 0.896094 0.052849 0.081771 0.105699
0 0.400521 0.242188 0.098958 0.107537
1 0.954427 0.111673 0.040104 0.079963
1 0.738542 0.427849 0.025000 0.037684
1 0.834375 0.045496 0.013542 0.013787
1 0.295052 0.965993 0.030729 0.058824
1 0.070833 0.497243 0.008333 0.014706
1 0.542188 0.011949 0.009375 0.023897
1 0.086719 0.629596 0.057813 0.121324
1 0.107292 0.494026 0.029167 0.045037
