0 0.860938 0.070312 0.123958 0.140625
0 0.958594 0.053768 0.081771 0.107537
0 0.502344 0.622243 0.085938 0.170956
0 0.875000 0.792739 0.172917 0.390625
0 0.320312 0.556985 0.213542 0.362132
1 0.106771 0.005974 0.030208 0.011949
1 0.135937 0.292739 0.023958 0.030331
1 0.196615 0.578125 0.017188 0.027574
1 0.665365 0.081801 0.022396 0.038603
1 0.380729 0.314338 0.005208 0.022059
1 0.084896 0.563879 0.018750 0.015625
1 0.492448 0.285846 0.014063 0.034926
1 0.075000 0.416820 0.127083 0.155331
1 0.046875 0.472426 0.030208 0.119485
1 0.420833 0.130974 0.040625 0.054228
1 0.020052 0.479779 0.040104 0.034926
1 0.428906 0.173254 0.020313 0.043199
