0 0.478125 0.263327 0.036458 0.035846
0 0.482292 0.534926 0.022917 0.040441
0 0.931510 0.463235 0.015104 0.056985
0 0.976823 0.197151 0.042188 0.015625
0 0.981250 0.897518 0.029167 0.037684
1 0.569792 0.603401 0.015625 0.034007
1 0.354687 0.563419 0.034375 0.080882
1 0.148438 0.360754 0.039583 0.035846
1 0.523698 0.180147 0.070312 0.040441
1 0.974479 0.294118 0.011458 0.023897
1 0.600260 0.587776 0.055729 0.079963
1 0.897396 0.176930 0.009375 0.011949
1 0.026562 0.677390 0.012500 0.018382
1 0.645052 0.562500 0.007812 0.016544
1 0.898698 0.504596 0.023438 0.075368
