0 0.352604 0.297794 0.196875 0.362132
0 0.545833 0.058364 0.125000 0.116728
0 0.075781 0.905790 0.091146 0.186581
0 0.886719 0.829044 0.225521 0.340074
0 0.684896 0.928768 0.216667 0.140625
1 0.140104 0.043658 0.081250 0.087316
1 0.005990 0.885110 0.011979 0.023897
1 0.221354 0.681526 0.025000 0.048713
1 0.362240 0.941176 0.011979 0.018382
1 0.064844 0.957261 0.016146 0.043199
1 0.013802 0.189338 0.010937 0.018382
1 0.157812 0.874540 0.010417 0.021140
1 0.557552 0.085938 0.080729 0.171875
1 0.609896 0.666820 0.018750 0.021140
1 0.033333 0.913603 0.016667 0.033088
1 0.917188 0.111673 0.058333 0.111213
1 0.041667 0.964154 0.077083 0.058824
1 0.633073 0.214154 0.020313 0.049632
1 0.953125 0.008272 0.009375 0.016544
1 0.636979 0.109835 0.013542 0.015625
1 0.660417 0.053309 0.044792 0.093750
