0 0.011458 0.387408 0.022917 0.035846
0 0.956771 0.385570 0.017708 0.098346
0 0.196354 0.526195 0.038542 0.032169
0 0.782292 0.215074 0.037500 0.029412
0 0.375781 0.755055 0.014063 0.087316
0 0.609115 0.028952 0.010937 0.057904
1 0.324740 0.037684 0.011979 0.022059
1 0.644792 0.696691 0.010417 0.012868
1 0.150521 0.541820 0.012500 0.019301
1 0.895312 0.091452 0.011458 0.019301
1 0.016146 0.614430 0.032292 0.089154
1 0.324740 0.835938 0.011979 0.035846
1 0.929167 0.545496 0.054167 0.090993
1 0.176042 0.763327 0.016667 0.028493
1 0.443229 0.521599 0.031250 0.059743
