0 0.260417 0.310662 0.016667 0.022059
0 0.685417 0.990809 0.007292 0.016544
0 0.711198 0.643382 0.035937 0.020221
0 0.222396 0.649357 0.036458 0.057904
0 0.700260 0.280790 0.039062 0.017463
1 0.292448 0.142004 0.006771 0.015625
1 0.932292 0.747702 0.055208 0.127757
1 0.962240 0.265165 0.015104 0.017463
1 0.973698 0.296415 0.007812 0.015625
1 0.772656 0.839154 0.064062 0.101103
1 0.300521 0.429228 0.096875 0.136029
1 0.303385 0.346967 0.019271 0.024816
1 0.316406 0.446691 0.013021 0.025735
1 0.258594 0.517463 0.033854 0.055147
1 0.241406 0.549173 0.018229 0.041360
1 0.290625 0.335018 0.011458 0.021140
1 0.240104 0.609375 0.025000 0.045956
1 0.265885 0.513787 0.007812 0.018382
1 0.271615 0.401195 0.032813 0.046875
1 0.305729 0.391085 0.011458 0.019301
1 0.205208 0.445312 0.035417 0.107537
1 0.304427 0.530790 0.055729 0.083640
