0 0.884896 0.127298 0.118750 0.184743
0 0.154167 0.611213 0.079167 0.126838
0 0.614323 0.863051 0.136979 0.204044
0 0.788281 0.967371 0.099479 0.063419
0 0.728385 0.099724 0.110937 0.199449
1 0.212240 0.286305 0.009896 0.013787
1 0.169010 0.660386 0.007812 0.013787
1 0.065104 0.296875 0.046875 0.069853
1 0.701042 0.027114 0.010417 0.010110
1 0.987500 0.286765 0.023958 0.042279
1 0.620573 0.402114 0.027604 0.037684
1 0.679427 0.442096 0.008854 0.014706
1 0.681250 0.561121 0.022917 0.043199
1 0.502865 0.295496 0.007812 0.011949
1 0.678646 0.445312 0.038542 0.067096
1 0.687240 0.450368 0.036979 0.060662
1 0.488281 0.187500 0.020313 0.045956
