0 0.013542 0.565717 0.027083 0.022978
0 0.514844 0.157169 0.017188 0.023897
0 0.856771 0.693934 0.013542 0.055147
0 0.556510 0.985754 0.016146 0.026654
0 0.364063 0.235754 0.019792 0.030331
1 0.728125 0.161765 0.012500 0.016544
1 0.117188 0.286765 0.009375 0.012868
1 0.651563 0.769301 0.017708 0.040441
1 0.413802 0.446691 0.046354 0.104779
1 0.398958 0.709559 0.012500 0.036765
1 0.915104 0.891085 0.008333 0.015625
1 0.934115 0.942096 0.021354 0.020221
1 0.983333 0.844210 0.022917 0.026654
1 0.286458 0.665901 0.009375 0.011949
