0 0.973958 0.920496 0.051042 0.157169
0 0.509635 0.906250 0.241146 0.185662
0 0.133333 0.511949 0.164583 0.330882
0 0.112500 0.090074 0.153125 0.180147
0 0.113281 0.835938 0.191146 0.295037
0 0.651042 0.150276 0.220833 0.300551
1 0.828646 0.269301 0.013542 0.038603
1 0.523958 0.192555 0.052083 0.067096
1 0.987500 0.265165 0.023958 0.050551
1 0.010677 0.073529 0.021354 0.023897
1 0.987240 0.650735 0.024479 0.066176
1 0.696094 0.770221 0.009896 0.029412
1 0.996354 0.441636 0.006250 0.021140
1 0.959115 0.446232 0.034896 0.035846
1 0.886198 0.385570 0.031771 0.079963
1 0.955469 0.512408 0.015104 0.030331
1 0.984115 0.481158 0.026562 0.035846
1 0.978646 0.465993 0.007292 0.012868
1 0.935156 0.465074 0.016146 0.018382
1 0.956771 0.475643 0.008333 0.010110
1 0.942448 0.451287 0.013021 0.027574
1 0.992708 0.471967 0.013542 0.022978
1 0.971875 0.382353 0.017708 0.023897
1 0.984375 0.499081 0.011458 0.020221
