0 0.634896 0.288603 0.121875 0.215074
0 0.168750 0.669577 0.094792 0.164522
0 0.239323 0.885110 0.081771 0.196691
0 0.508594 0.055607 0.089063 0.111213
0 0.005469 0.352941 0.010937 0.104779
0 0.921615 0.919577 0.085938 0.159007
1 0.478125 0.744026 0.008333 0.021140
1 0.214583 0.343750 0.025000 0.029412
1 0.776823 0.919577 0.020313 0.041360
1 0.873177 0.483456 0.034896 0.056985
1 0.466927 0.411765 0.016146 0.023897
1 0.491406 0.637408 0.014063 0.035846
1 0.498958 0.460018 0.008333 0.021140
1 0.892448 0.474265 0.010937 0.018382
