0 0.656250 0.027574 0.058333 0.055147
0 0.886719 0.885110 0.056771 0.088235
0 0.592969 0.166360 0.052604 0.079044
0 0.348177 0.862592 0.051562 0.068934
0 0.090885 0.102022 0.050521 0.102941
0 0.437500 0.598346 0.055208 0.088235
0 0.015365 0.459099 0.030729 0.074449
0 0.935417 0.585478 0.025000 0.038603
1 0.458594 0.464614 0.066146 0.085478
1 0.302083 0.329963 0.020833 0.034926
1 0.717187 0.145680 0.013542 0.032169
1 0.055990 0.527114 0.059896 0.074449
1 0.061719 0.541820 0.010937 0.019301
1 0.069792 0.500460 0.041667 0.052390
1 0.090365 0.546875 0.014063 0.014706
1 0.048958 0.618107 0.018750 0.026654
1 0.069271 0.488051 0.011458 0.014706
1 0.097656 0.503676 0.023438 0.042279
1 0.075781 0.515625 0.014063 0.027574
