0 0.952865 0.219669 0.016146 0.020221
0 0.719271 0.898897 0.019792 0.033088
0 0.171615 0.773897 0.025521 0.049632
0 0.080208 0.988051 0.020833 0.022059
0 0.806510 0.575368 0.010937 0.012868
0 0.408854 0.136029 0.014583 0.045956
1 0.634896 0.788143 0.030208 0.034007
1 0.007292 0.779412 0.013542 0.025735
1 0.966667 0.557445 0.006250 0.013787
1 0.208333 0.383732 0.065625 0.142463
1 0.105208 0.462776 0.027083 0.050551
1 0.258333 0.062040 0.030208 0.019301
1 0.316406 0.078125 0.069271 0.156250
1 0.258854 0.055147 0.013542 0.029412
1 0.210677 0.066176 0.018229 0.031250
1 0.353646 0.081801 0.070833 0.115809
1 0.230208 0.172335 0.005208 0.017463
1 0.228385 0.091912 0.107813 0.183824
