0 0.185938 0.384191 0.023958 0.088235
0 0.915625 0.980699 0.034375 0.022059
0 0.812500 0.698070 0.036458 0.050551
0 0.095312 0.044118 0.021875 0.088235
0 0.719792 0.409926 0.031250 0.036765
0 0.296875 0.673713 0.008333 0.060662
0 0.658333 0.052849 0.031250 0.026654
1 0.528646 0.239430 0.075000 0.125919
1 0.951823 0.210018 0.056771 0.114890
1 0.340104 0.795956 0.016667 0.025735
1 0.979167 0.076746 0.026042 0.041360
1 0.240104 0.835478 0.051042 0.071691
1 0.116927 0.422794 0.039062 0.060662
1 0.980208 0.677390 0.032292 0.056985
