0 0.692969 0.697610 0.009896 0.014706
0 0.974479 0.061581 0.013542 0.023897
0 0.428906 0.356618 0.022396 0.044118
0 0.895573 0.986213 0.036979 0.022059
0 0.539583 0.555607 0.012500 0.048713
0 0.095833 0.976103 0.023958 0.045956
1 0.793490 0.069393 0.027604 0.056066
1 0.383333 0.085478 0.007292 0.009191
1 0.978906 0.942555 0.022396 0.028493
1 0.245573 0.888327 0.006771 0.026654
1 0.533594 0.068934 0.090104 0.104779
1 0.388281 0.814338 0.016146 0.066176
1 0.746615 0.866268 0.017188 0.037684
1 0.560937 0.200368 0.035417 0.080882
1 0.956771 0.320772 0.019792 0.031250
1 0.609115 0.084559 0.011979 0.020221
