0 0.807552 0.724265 0.059896 0.119485
0 0.078125 0.829963 0.101042 0.091912
0 0.250781 0.645221 0.090104 0.198529
0 0.631250 0.873162 0.107292 0.158088
0 0.500260 0.092831 0.071354 0.185662
0 0.360417 0.318474 0.064583 0.129596
0 0.960938 0.353860 0.077083 0.178309
1 0.186198 0.778952 0.006771 0.017463
1 0.619010 0.576287 0.010937 0.016544
1 0.084115 0.842831 0.021354 0.031250
1 0.711719 0.441636 0.011979 0.019301
1 0.538281 0.285846 0.040104 0.088235
1 0.891406 0.375460 0.033854 0.046875
1 0.697656 0.101562 0.018229 0.035846
