0 0.638542 0.085018 0.142708 0.170037
0 0.359896 0.176011 0.269792 0.317096
0 0.238281 0.238051 0.114062 0.215074
0 0.822917 0.923713 0.112500 0.150735
0 0.056510 0.465074 0.113021 0.283088
0 0.983854 0.651654 0.031250 0.121324
1 0.696354 0.261489 0.005208 0.011949
1 0.089063 0.628217 0.011458 0.021140
1 0.478125 0.772059 0.012500 0.022059
1 0.969271 0.162224 0.060417 0.151654
1 0.513802 0.122243 0.025521 0.068015
1 0.366927 0.538143 0.031771 0.041360
1 0.354427 0.147059 0.021354 0.042279
1 0.408594 0.882353 0.005729 0.014706
1 0.501302 0.903033 0.033854 0.092831
1 0.507812 0.923713 0.016667 0.034926
1 0.394271 0.923254 0.008333 0.011949
1 0.439323 0.812960 0.010937 0.024816
1 0.467969 0.938419 0.096354 0.121324
1 0.530208 0.928768 0.026042 0.037684
1 0.375521 0.936581 0.033333 0.036765
1 0.489323 0.834099 0.025521 0.063419
1 0.473698 0.787684 0.142187 0.226103
1 0.452865 0.779412 0.026562 0.045956
1 0.497656 0.933824 0.008854 0.027574
1 0.536719 0.834559 0.005729 0.016544
