0 0.902865 0.013787 0.124479 0.027574
0 0.524740 0.945312 0.070312 0.107537
0 0.296094 0.406250 0.119271 0.200368
0 0.412240 0.708640 0.103646 0.148897
0 0.876823 0.204963 0.209896 0.409926
1 0.363021 0.492188 0.018750 0.024816
1 0.688802 0.061121 0.010937 0.041360
1 0.513802 0.748162 0.035937 0.060662
1 0.625521 0.690717 0.111458 0.133272
1 0.449219 0.842371 0.010937 0.015625
1 0.585417 0.694853 0.008333 0.014706
1 0.576042 0.940257 0.045833 0.113971
1 0.375781 0.767463 0.083854 0.136029
1 0.484635 0.881434 0.048438 0.086397
1 0.575521 0.969669 0.037500 0.058824
1 0.613281 0.693934 0.069271 0.237132
1 0.462240 0.946691 0.008854 0.020221
