0 0.521615 0.687960 0.054688 0.089154
0 0.499219 0.227941 0.069271 0.106618
1 0.308854 0.167279 0.009375 0.014706
1 0.736979 0.947610 0.018750 0.036765
1 0.452083 0.137868 0.006250 0.018382
1 0.813021 0.545956 0.005208 0.012868
1 0.089844 0.861213 0.008854 0.009191
1 0.690104 0.815257 0.042708 0.079044
1 0.092188 0.241728 0.014583 0.036765
1 0.160417 0.369945 0.009375 0.010110
1 0.104427 0.180147 0.018229 0.023897
1 0.094010 0.313879 0.069271 0.107537
1 0.180208 0.318934 0.014583 0.018382
1 0.084896 0.381434 0.031250 0.055147
1 0.219271 0.209099 0.007292 0.011949
1 0.152344 0.409007 0.018229 0.042279
1 0.120833 0.364430 0.019792 0.061581
1 0.150521 0.363971 0.011458 0.016544
1 0.159115 0.049632 0.086979 0.099265
1 0.113542 0.293199 0.016667 0.027574
1 0.213542 0.252757 0.093750 0.150735
1 0.122656 0.409467 0.034896 0.057904
1 0.133594 0.383272 0.029687 0.045956
