0 0.069010 0.547794 0.055729 0.163603
0 0.286458 0.232537 0.068750 0.077206
0 0.933594 0.296875 0.066146 0.097426
0 0.645833 0.888787 0.067708 0.134191
0 0.830469 0.527574 0.039062 0.066176
1 0.066406 0.228860 0.029687 0.079044
1 0.832292 0.399357 0.022917 0.034007
1 0.761458 0.736213 0.097917 0.209559
1 0.469531 0.140165 0.024479 0.052390
1 0.421615 0.279412 0.006771 0.009191
1 0.345052 0.122243 0.007812 0.014706
1 0.053906 0.113051 0.013021 0.023897
1 0.085417 0.074908 0.109375 0.149816
1 0.897135 0.048713 0.024479 0.075368
