0 0.096875 0.689338 0.023958 0.034926
0 0.726823 0.144301 0.021354 0.020221
0 0.549479 0.086857 0.010417 0.065257
0 0.334115 0.802390 0.038021 0.023897
0 0.919010 0.412684 0.025521 0.018382
1 0.959375 0.720588 0.019792 0.038603
1 0.438542 0.174632 0.027083 0.027574
1 0.256771 0.403033 0.021875 0.026654
1 0.056250 0.170956 0.030208 0.034926
1 0.051302 0.279412 0.030729 0.033088
1 0.006510 0.243566 0.013021 0.029412
1 0.554167 0.593290 0.123958 0.182904
1 0.524740 0.642004 0.009896 0.015625
1 0.732812 0.352022 0.018750 0.044118
1 0.107813 0.332261 0.008333 0.011949
