0 0.086198 0.257812 0.054688 0.090993
0 0.976823 0.960938 0.045312 0.076287
0 0.294792 0.799173 0.059375 0.113051
0 0.839063 0.738511 0.069792 0.138787
0 0.717448 0.384191 0.058854 0.099265
0 0.194010 0.521599 0.075521 0.131434
0 0.636458 0.043658 0.054167 0.081801
1 0.447135 0.717371 0.008854 0.015625
1 0.357552 0.665441 0.011979 0.029412
1 0.668750 0.044118 0.009375 0.027574
1 0.938021 0.539982 0.022917 0.034007
1 0.166667 0.014246 0.048958 0.028493
1 0.454427 0.494485 0.013021 0.022059
1 0.353646 0.092831 0.009375 0.031250
1 0.353385 0.101562 0.032813 0.048713
1 0.264323 0.149816 0.011979 0.014706
1 0.353125 0.039062 0.011458 0.034007
1 0.356250 0.190717 0.050000 0.034007
1 0.398698 0.125460 0.028646 0.046875
1 0.344531 0.023897 0.007812 0.031250
1 0.257812 0.096507 0.029167 0.031250
