0 0.904687 0.510570 0.189583 0.318934
0 0.294271 0.320772 0.077083 0.244485
0 0.092969 0.969210 0.041146 0.059743
0 0.967708 0.716452 0.063542 0.374081
0 0.776823 0.113971 0.203646 0.227941
1 0.385156 0.531250 0.009896 0.009191
1 0.548438 0.763787 0.005208 0.014706
1 0.331771 0.445312 0.007292 0.011949
1 0.266667 0.483915 0.021875 0.026654
1 0.070833 0.204963 0.033333 0.042279
1 0.180729 0.069393 0.023958 0.050551
1 0.221354 0.227022 0.007292 0.009191
1 0.285938 0.099724 0.015625 0.037684
1 0.234896 0.005055 0.021875 0.010110
1 0.658073 0.363511 0.059896 0.102022
1 0.404948 0.141085 0.019271 0.037684
1 0.184115 0.135110 0.017188 0.012868
1 0.305208 0.072151 0.022917 0.041360
