0 0.619271 0.103860 0.030208 0.090074
0 0.812500 0.893842 0.040625 0.063419
0 0.465885 0.300092 0.049479 0.030331
0 0.239323 0.414062 0.022396 0.074449
0 0.030990 0.603401 0.058854 0.026654
1 0.291406 0.557904 0.013021 0.022059
1 0.192969 0.357537 0.018229 0.020221
1 0.747396 0.710478 0.018750 0.036765
1 0.214583 0.284467 0.009375 0.015625
1 0.989844 0.926011 0.019271 0.063419
1 0.600000 0.079504 0.016667 0.015625
1 0.126823 0.618107 0.063021 0.102022
1 0.701562 0.323529 0.019792 0.025735
1 0.358854 0.914982 0.071875 0.131434
