0 0.754687 0.014706 0.040625 0.029412
0 0.611198 0.648438 0.074479 0.138787
0 0.177083 0.072610 0.120833 0.145221
0 0.100521 0.842371 0.107292 0.181066
0 0.061719 0.989430 0.023438 0.019301
0 0.212760 0.352941 0.094271 0.169118
0 0.692969 0.333180 0.104688 0.177390
1 0.055208 0.414522 0.015625 0.036765
1 0.012240 0.681526 0.021354 0.037684
1 0.936979 0.012408 0.021875 0.024816
1 0.537760 0.700827 0.015104 0.026654
1 0.520573 0.661305 0.008854 0.021140
1 0.551042 0.708180 0.013542 0.022978
1 0.436719 0.713695 0.018229 0.034007
