0 0.121615 0.437500 0.015104 0.040441
0 0.569792 0.716452 0.017708 0.019301
0 0.569271 0.312500 0.011458 0.066176
0 0.541146 0.024357 0.011458 0.048713
1 0.501042 0.514246 0.048958 0.076287
1 0.177083 0.955882 0.134375 0.086397
1 0.554948 0.191176 0.098437 0.172794
1 0.334635 0.749540 0.025521 0.061581
1 0.557292 0.485294 0.016667 0.031250
1 0.559115 0.852022 0.005729 0.012868
1 0.300260 0.617647 0.024479 0.023897
1 0.267188 0.586397 0.025000 0.045956
1 0.528646 0.558824 0.073958 0.110294
1 0.502083 0.445772 0.040625 0.053309
1 0.543750 0.744945 0.009375 0.015625
