0 0.133594 0.504136 0.103646 0.181066
0 0.026302 0.937500 0.052604 0.123162
0 0.275000 0.066636 0.113542 0.133272
0 0.680990 0.693934 0.109896 0.187500
0 0.957292 0.027114 0.060417 0.054228
1 0.151823 0.129136 0.023438 0.026654
1 0.322656 0.807445 0.061979 0.102022
1 0.352604 0.893382 0.016667 0.012868
1 0.493229 0.343750 0.016667 0.022059
1 0.933073 0.509191 0.025521 0.038603
1 0.865104 0.523897 0.044792 0.027574
1 0.915365 0.553768 0.009896 0.015625
1 0.920052 0.689338 0.024479 0.034926
1 0.883073 0.414522 0.060937 0.104779
1 0.870052 0.394761 0.026562 0.039522
1 0.875000 0.576287 0.017708 0.020221
