0 0.679948 0.079963 0.052604 0.025735
0 0.680469 0.938419 0.009896 0.060662
0 0.024219 0.040441 0.048438 0.044118
0 0.211458 0.920037 0.035417 0.066176
0 0.881510 0.965533 0.013021 0.067096
0 0.474740 0.886489 0.017188 0.089154
0 0.245573 0.008732 0.007812 0.017463
0 0.942448 0.034007 0.033854 0.042279
0 0.422917 0.035846 0.035417 0.038603
1 0.495312 0.804228 0.022917 0.029412
1 0.384115 0.438879 0.045312 0.081801
1 0.612760 0.704963 0.026562 0.049632
1 0.965625 0.043199 0.047917 0.068015
1 0.108073 0.926471 0.041146 0.073529
