0 0.773438 0.135110 0.046875 0.136029
0 0.292708 0.011489 0.013542 0.022978
0 0.313281 0.348805 0.066146 0.136949
0 0.791406 0.819393 0.048438 0.067096
0 0.760417 0.426471 0.033333 0.066176
1 0.927083 0.825827 0.018750 0.030331
1 0.079687 0.139246 0.043750 0.096507
1 0.084635 0.173254 0.022396 0.043199
1 0.690104 0.536305 0.081250 0.087316
1 0.660677 0.845129 0.005729 0.011949
1 0.374479 0.174632 0.015625 0.025735
1 0.331771 0.122243 0.018750 0.031250
1 0.342448 0.041360 0.008854 0.022059
1 0.347917 0.569853 0.018750 0.038603
1 0.375521 0.507353 0.020833 0.038603
1 0.387500 0.097426 0.015625 0.042279
1 0.208594 0.437500 0.005729 0.012868
1 0.308594 0.488971 0.011979 0.029412
1 0.404167 0.008732 0.006250 0.013787
