0 0.316667 0.832721 0.157292 0.332721
0 0.363021 0.325827 0.165625 0.199449
0 0.915365 0.867647 0.168229 0.262868
0 0.326302 0.091452 0.089063 0.182904
0 0.910937 0.331801 0.177083 0.435662
0 0.877604 0.079044 0.243750 0.158088
1 0.764062 0.893382 0.032292 0.038603
1 0.005208 0.723346 0.008333 0.014706
1 0.788542 0.260110 0.010417 0.012868
1 0.024740 0.544118 0.030729 0.025735
1 0.102865 0.623162 0.019271 0.040441
1 0.411198 0.808364 0.017188 0.037684
1 0.485156 0.699449 0.007812 0.023897
1 0.829688 0.415901 0.028125 0.052390
