0 0.274479 0.850643 0.045833 0.120404
0 0.145573 0.760570 0.065104 0.133272
0 0.772917 0.527574 0.061458 0.125000
0 0.411979 0.026195 0.062500 0.052390
0 0.922396 0.744945 0.031250 0.050551
1 0.957031 0.885570 0.022396 0.039522
1 0.193229 0.143842 0.072917 0.092831
1 0.581771 0.253676 0.050000 0.036765
1 0.565625 0.089154 0.017708 0.031250
1 0.422917 0.626379 0.073958 0.157169
1 0.480469 0.705423 0.009896 0.017463
1 0.075260 0.812960 0.025521 0.061581
1 0.488802 0.646140 0.051562 0.108456
1 0.879427 0.859375 0.014063 0.022059
1 0.486979 0.655790 0.011458 0.013787
1 0.426302 0.625919 0.051562 0.051471
1 0.908073 0.951287 0.015104 0.018382
1 0.886719 0.921415 0.017188 0.013787
1 0.013542 0.674632 0.027083 0.022059
