0 0.529948 0.506893 0.038021 0.043199
0 0.133333 0.833640 0.043750 0.058824
0 0.900781 0.267923 0.042188 0.061581
0 0.694271 0.387868 0.040625 0.020221
0 0.343750 0.628676 0.048958 0.038603
1 0.759375 0.438419 0.008333 0.011029
1 0.945573 0.805607 0.011979 0.019301
1 0.189583 0.896140 0.065625 0.086397
1 0.414323 0.829504 0.036979 0.067096
1 0.399479 0.317096 0.045833 0.058824
1 0.569010 0.627298 0.005729 0.019301
1 0.061979 0.464154 0.025000 0.055147
1 0.045833 0.862132 0.010417 0.016544
1 0.986979 0.710938 0.025000 0.030331
