0 0.037500 0.753676 0.029167 0.023897
0 0.227344 0.647978 0.015104 0.066176
0 0.451562 0.377298 0.007292 0.045037
0 0.657292 0.181985 0.013542 0.014706
1 0.928906 0.708180 0.007812 0.013787
1 0.956510 0.174632 0.064062 0.099265
1 0.799740 0.703585 0.009896 0.021140
1 0.175781 0.043658 0.016146 0.026654
1 0.039844 0.319853 0.019271 0.049632
1 0.563542 0.509651 0.010417 0.024816
1 0.655208 0.280790 0.009375 0.013787
1 0.493490 0.346507 0.007812 0.029412
1 0.595052 0.276195 0.017188 0.026654
1 0.384115 0.088235 0.025521 0.029412
1 0.652344 0.323529 0.007812 0.016544
1 0.597135 0.397978 0.049479 0.137868
