0 0.714063 0.487592 0.025000 0.050551
0 0.689063 0.051011 0.055208 0.102022
0 0.178906 0.073529 0.071354 0.147059
1 0.426042 0.080423 0.068750 0.124081
1 0.838542 0.987592 0.011458 0.017463
1 0.062500 0.444393 0.027083 0.146140
1 0.537500 0.106158 0.021875 0.039522
1 0.544271 0.971967 0.063542 0.054228
1 0.192448 0.602022 0.026562 0.029412
1 0.248698 0.572151 0.014063 0.028493
1 0.108594 0.505515 0.019271 0.045956
1 0.072917 0.546875 0.018750 0.023897
1 0.090104 0.581342 0.008333 0.011949
1 0.153385 0.661305 0.015104 0.037684
1 0.170573 0.666360 0.013021 0.014706
1 0.167187 0.425551 0.007292 0.009191
1 0.206771 0.622702 0.013542 0.028493
1 0.136198 0.619485 0.030729 0.042279
1 0.130729 0.534926 0.046875 0.068015
1 0.171354 0.664522 0.007292 0.025735
