0 0.453646 0.016544 0.011458 0.033088
0 0.961719 0.010110 0.048438 0.020221
1 0.892969 0.329963 0.014063 0.029412
1 0.634635 0.256893 0.011979 0.024816
1 0.480990 0.045956 0.015104 0.016544
1 0.615104 0.943015 0.037500 0.060662
1 0.008333 0.865349 0.016667 0.068934
1 0.577344 0.573070 0.006771 0.011949
1 0.579167 0.439798 0.010417 0.024816
1 0.609635 0.430607 0.007812 0.022978
1 0.512500 0.414062 0.012500 0.019301
1 0.565885 0.430607 0.031771 0.054228
1 0.511979 0.524357 0.010417 0.010110
1 0.577344 0.616728 0.011979 0.029412
1 0.586719 0.561581 0.013021 0.040441
1 0.557031 0.404412 0.026562 0.056985
1 0.602344 0.488051 0.005729 0.011029
1 0.628906 0.540441 0.030729 0.031250
1 0.513281 0.603401 0.030729 0.083640
