0 0.682292 0.686121 0.023958 0.030331
0 0.347135 0.954504 0.025521 0.021140
0 0.311719 0.202665 0.021354 0.043199
0 0.514323 0.881434 0.019271 0.033088
0 0.996354 0.283088 0.006250 0.020221
0 0.837760 0.458180 0.020313 0.010110
1 0.539583 0.190257 0.048958 0.088235
1 0.607031 0.514246 0.007812 0.021140
1 0.454948 0.761949 0.007812 0.018382
1 0.528125 0.656250 0.014583 0.012868
1 0.527083 0.629596 0.050000 0.049632
1 0.119010 0.527574 0.024479 0.036765
1 0.538281 0.612592 0.020313 0.035846
1 0.077865 0.505515 0.030729 0.062500
1 0.918750 0.352941 0.035417 0.053309
1 0.519792 0.525276 0.010417 0.028493
1 0.954688 0.505974 0.027083 0.022978
1 0.933073 0.474265 0.028646 0.031250
1 0.929427 0.548254 0.021354 0.026654
