0 0.254688 0.994026 0.009375 0.010110
0 0.092188 0.363971 0.081250 0.115809
0 0.275521 0.167279 0.056250 0.104779
0 0.867708 0.622702 0.081250 0.072610
0 0.498177 0.042739 0.054688 0.083640
1 0.607812 0.762868 0.011458 0.020221
1 0.038802 0.054228 0.016146 0.016544
1 0.338281 0.488511 0.023438 0.011949
1 0.330469 0.378676 0.006771 0.009191
1 0.608594 0.931985 0.048438 0.071691
1 0.669010 0.656710 0.006771 0.019301
1 0.331510 0.449908 0.016146 0.026654
1 0.617969 0.748621 0.076563 0.140625
1 0.340365 0.457721 0.036979 0.084559
1 0.574479 0.693934 0.048958 0.086397
1 0.640625 0.858915 0.005208 0.017463
