0 0.038802 0.342831 0.021354 0.014706
0 0.985938 0.517004 0.027083 0.032169
0 0.183333 0.439798 0.011458 0.050551
0 0.708854 0.502757 0.023958 0.047794
0 0.476823 0.451746 0.022396 0.015625
1 0.771875 0.831801 0.006250 0.011029
1 0.009896 0.099724 0.017708 0.037684
1 0.296615 0.482537 0.011979 0.022059
1 0.113802 0.403952 0.007812 0.011949
1 0.836979 0.469669 0.007292 0.014706
1 0.522396 0.345129 0.006250 0.010110
1 0.513542 0.380515 0.009375 0.016544
1 0.517708 0.416820 0.021875 0.039522
1 0.205469 0.013327 0.019271 0.026654
1 0.165885 0.076746 0.013021 0.011949
1 0.581510 0.119485 0.007812 0.016544
1 0.222396 0.078585 0.012500 0.021140
1 0.589583 0.160386 0.006250 0.019301
1 0.252083 0.030331 0.050000 0.060662
