0 0.550260 0.873162 0.023438 0.069853
0 0.292969 0.122702 0.018229 0.083640
0 0.145313 0.170496 0.030208 0.024816
0 0.701042 0.017463 0.018750 0.034926
0 0.791146 0.751379 0.025000 0.079963
0 0.947135 0.703125 0.046354 0.022059
0 0.515885 0.082721 0.009896 0.060662
0 0.229687 0.905331 0.025000 0.088235
1 0.790104 0.423254 0.012500 0.022978
1 0.054948 0.452665 0.005729 0.010110
1 0.797396 0.566636 0.008333 0.021140
1 0.371094 0.954044 0.025521 0.047794
1 0.636719 0.295496 0.038021 0.076287
1 0.581250 0.988511 0.019792 0.021140
1 0.198177 0.355239 0.010937 0.026654
1 0.672917 0.066176 0.041667 0.068015
1 0.544271 0.300551 0.040625 0.082721
1 0.312240 0.117188 0.055729 0.076287
