0 0.961198 0.800551 0.022396 0.045956
0 0.990625 0.562500 0.017708 0.020221
0 0.441146 0.884651 0.009375 0.037684
0 0.591146 0.214614 0.026042 0.054228
0 0.077865 0.279871 0.023438 0.010110
1 0.323177 0.720129 0.007812 0.015625
1 0.623698 0.826287 0.016146 0.044118
1 0.448698 0.370404 0.061979 0.141544
1 0.540365 0.026195 0.007812 0.015625
1 0.346354 0.774357 0.019792 0.043199
1 0.775000 0.409926 0.010417 0.016544
1 0.759375 0.338235 0.052083 0.068015
1 0.700260 0.323529 0.009896 0.012868
1 0.732812 0.267463 0.006250 0.020221
1 0.756250 0.207261 0.023958 0.056066
1 0.707292 0.351103 0.012500 0.027574
1 0.804427 0.365809 0.020313 0.014706
1 0.792188 0.365349 0.017708 0.022978
1 0.678385 0.286305 0.029687 0.041360
