0 0.947396 0.534926 0.037500 0.066176
0 0.529687 0.250919 0.073958 0.110294
0 0.010677 0.466912 0.021354 0.045956
0 0.411719 0.893382 0.071354 0.071691
0 0.058594 0.165901 0.066146 0.111213
0 0.896094 0.818015 0.052604 0.121324
1 0.877083 0.320312 0.077083 0.074449
1 0.984375 0.135570 0.030208 0.061581
1 0.874740 0.375460 0.053646 0.043199
1 0.797135 0.483456 0.099479 0.312500
1 0.144010 0.540901 0.010937 0.026654
1 0.091146 0.620864 0.014583 0.015625
1 0.064062 0.668199 0.050000 0.113971
1 0.257812 0.591452 0.087500 0.140625
