0 0.705729 0.319393 0.017708 0.011949
0 0.911719 0.941176 0.013021 0.029412
0 0.808333 0.678309 0.038542 0.016544
0 0.268229 0.809283 0.055208 0.030331
0 0.116406 0.351562 0.013021 0.061581
1 0.604167 0.044577 0.076042 0.089154
1 0.305469 0.272978 0.014063 0.025735
1 0.406250 0.255515 0.053125 0.099265
1 0.575260 0.019301 0.006771 0.012868
1 0.030990 0.496324 0.061979 0.126838
1 0.078646 0.654412 0.037500 0.075368
1 0.456250 0.162684 0.005208 0.009191
1 0.582031 0.060662 0.006771 0.009191
1 0.541667 0.077206 0.019792 0.016544
