0 0.006771 0.818934 0.013542 0.023897
0 0.638802 0.590533 0.068229 0.079963
0 0.103646 0.955423 0.067708 0.087316
0 0.779167 0.846967 0.056250 0.113051
0 0.445312 0.367188 0.031250 0.059743
0 0.938021 0.045956 0.055208 0.091912
0 0.304948 0.162224 0.054688 0.057904
1 0.477083 0.166360 0.015625 0.031250
1 0.722396 0.132812 0.030208 0.067096
1 0.344271 0.750460 0.023958 0.079963
1 0.125000 0.468290 0.008333 0.015625
1 0.494010 0.991728 0.007812 0.014706
1 0.285417 0.460018 0.022917 0.045037
1 0.293750 0.858915 0.052083 0.085478
1 0.382292 0.954044 0.007292 0.011029
1 0.591927 0.913603 0.031771 0.051471
1 0.250521 0.867188 0.010417 0.019301
