0 0.397656 0.260110 0.023438 0.044118
0 0.882031 0.236673 0.017188 0.057904
0 0.421354 0.688419 0.025000 0.023897
1 0.154167 0.727482 0.008333 0.013787
1 0.214323 0.368566 0.007812 0.020221
1 0.902865 0.154412 0.063021 0.154412
1 0.230208 0.854320 0.010417 0.015625
1 0.536979 0.674632 0.010417 0.051471
1 0.618229 0.719669 0.018750 0.025735
1 0.942187 0.178309 0.014583 0.023897
1 0.473438 0.564798 0.006250 0.019301
1 0.633594 0.778033 0.068229 0.054228
1 0.953906 0.067555 0.013021 0.030331
1 0.448437 0.534926 0.017708 0.023897
1 0.642188 0.948989 0.013542 0.022978
1 0.625000 0.784926 0.008333 0.012868
1 0.613802 0.715074 0.018229 0.027574
1 0.462240 0.617647 0.009896 0.023897
