0 0.778385 0.026654 0.008854 0.053309
0 0.429688 0.852941 0.023958 0.047794
0 0.164323 0.117647 0.023438 0.016544
0 0.330729 0.477482 0.018750 0.011949
1 0.262760 0.238511 0.031771 0.048713
1 0.484115 0.633732 0.011979 0.019301
1 0.479167 0.607537 0.020833 0.038603
1 0.605469 0.767463 0.015104 0.022059
1 0.219010 0.385110 0.021354 0.025735
1 0.986458 0.328585 0.016667 0.015625
1 0.363021 0.294118 0.021875 0.066176
1 0.347135 0.413603 0.008854 0.014706
1 0.526823 0.176471 0.007812 0.025735
1 0.354167 0.351562 0.008333 0.026654
1 0.220833 0.412224 0.010417 0.022978
