0 0.665365 0.050092 0.060937 0.100184
0 0.993490 0.621783 0.011979 0.068934
0 0.167187 0.184743 0.100000 0.237132
0 0.563021 0.863511 0.085417 0.157169
0 0.630729 0.347426 0.087500 0.181985
0 0.141667 0.590993 0.093750 0.152574
0 0.097656 0.975643 0.052604 0.046875
0 0.211458 0.011489 0.017708 0.022978
0 0.536979 0.990349 0.046875 0.017463
1 0.959115 0.007353 0.019271 0.014706
1 0.277604 0.139246 0.050000 0.065257
1 0.866146 0.377757 0.062500 0.086397
1 0.974479 0.839154 0.050000 0.066176
1 0.640885 0.260570 0.024479 0.024816
