0 0.336979 0.263327 0.128125 0.227022
0 0.994010 0.138327 0.010937 0.034007
0 0.844010 0.096967 0.125521 0.193934
1 0.004687 0.677390 0.009375 0.012868
1 0.711458 0.489890 0.016667 0.031250
1 0.247135 0.342371 0.005729 0.010110
1 0.426302 0.093290 0.005729 0.013787
1 0.134375 0.711857 0.017708 0.032169
1 0.174740 0.695772 0.005729 0.014706
1 0.352083 0.260570 0.008333 0.013787
1 0.496615 0.965533 0.008854 0.021140
1 0.479948 0.902574 0.008854 0.027574
1 0.419010 0.340074 0.006771 0.014706
1 0.403385 0.975643 0.023438 0.041360
1 0.426563 0.798254 0.113542 0.241728
1 0.535156 0.838695 0.064062 0.102022
1 0.104688 0.528952 0.046875 0.043199
1 0.335417 0.100184 0.009375 0.012868
1 0.188021 0.026195 0.023958 0.052390
