0 0.071094 0.207721 0.142187 0.305147
0 0.501563 0.955882 0.138542 0.086397
0 0.833073 0.317096 0.220312 0.334559
0 0.180990 0.421875 0.169271 0.371324
0 0.646875 0.132353 0.208333 0.264706
0 0.408333 0.700827 0.190625 0.339154
1 0.337760 0.117188 0.054688 0.133272
1 0.451042 0.367647 0.046875 0.068015
1 0.622656 0.786765 0.018229 0.016544
1 0.947917 0.772059 0.041667 0.148897
1 0.799479 0.163143 0.050000 0.067096
1 0.842969 0.568015 0.009896 0.022059
1 0.692708 0.957721 0.010417 0.014706
1 0.744010 0.891544 0.031771 0.031250
1 0.935417 0.335938 0.027083 0.034007
