0 0.808854 0.494485 0.010417 0.056985
0 0.727865 0.084559 0.033854 0.036765
0 0.828385 0.831342 0.009896 0.039522
1 0.644271 0.494485 0.012500 0.040441
1 0.800521 0.297335 0.058333 0.118566
1 0.884896 0.381893 0.011458 0.030331
1 0.974740 0.064338 0.049479 0.056985
1 0.039062 0.185662 0.044792 0.047794
1 0.683073 0.721048 0.020313 0.032169
1 0.934375 0.520680 0.007292 0.017463
1 0.892448 0.439338 0.008854 0.018382
1 0.655729 0.701287 0.038542 0.071691
1 0.671094 0.596048 0.005729 0.013787
1 0.815625 0.480699 0.065625 0.093750
1 0.909115 0.667279 0.018229 0.033088
1 0.828646 0.569393 0.031250 0.054228
