0 0.230208 0.125000 0.241667 0.250000
0 0.934896 0.248162 0.129167 0.371324
0 0.401562 0.601103 0.228125 0.547794
0 0.992708 0.981618 0.013542 0.034926
0 0.403906 0.916820 0.082812 0.164522
1 0.289844 0.604320 0.023438 0.045037
1 0.758073 0.559743 0.046354 0.075368
1 0.531510 0.239890 0.030729 0.062500
1 0.989062 0.322610 0.019792 0.033088
1 0.588021 0.403952 0.021875 0.039522
1 0.466667 0.236673 0.030208 0.050551
1 0.723698 0.298713 0.023438 0.033088
1 0.272656 0.315717 0.047396 0.079963
1 0.609635 0.586857 0.019271 0.048713
