0 0.608333 0.083180 0.108333 0.166360
0 0.981510 0.592831 0.035937 0.073529
0 0.992708 0.260570 0.013542 0.056066
0 0.511979 0.423254 0.119792 0.168199
0 0.055990 0.193934 0.104688 0.117647
0 0.037760 0.692096 0.075521 0.178309
0 0.458073 0.800092 0.091146 0.136949
0 0.958073 0.955423 0.054688 0.087316
1 0.087760 0.434283 0.028646 0.045037
1 0.096615 0.923713 0.009896 0.018382
1 0.255469 0.251379 0.027604 0.048713
1 0.708333 0.439338 0.008333 0.020221
1 0.415625 0.892004 0.006250 0.015625
1 0.912760 0.269301 0.072396 0.112132
1 0.734635 0.784007 0.040104 0.069853
