0 0.589063 0.655331 0.025000 0.055147
0 0.009375 0.789982 0.009375 0.063419
0 0.167969 0.775276 0.006771 0.056066
0 0.408854 0.653033 0.022917 0.013787
1 0.740885 0.576287 0.044271 0.117647
1 0.736458 0.901195 0.073958 0.122243
1 0.290365 0.824449 0.010937 0.016544
1 0.372656 0.052849 0.009896 0.017463
1 0.300000 0.588235 0.016667 0.027574
1 0.227083 0.220588 0.010417 0.014706
1 0.364323 0.661305 0.013021 0.028493
1 0.190365 0.922335 0.005729 0.013787
1 0.892448 0.671875 0.008854 0.016544
1 0.127344 0.965993 0.058854 0.066176
1 0.405208 0.544118 0.011458 0.023897
1 0.385417 0.679228 0.015625 0.042279
1 0.190104 0.962776 0.022917 0.048713
1 0.097656 0.973346 0.025521 0.034926
1 0.854948 0.611673 0.029687 0.026654
1 0.110677 0.971967 0.010937 0.011949
1 0.319531 0.409926 0.024479 0.038603
1 0.927604 0.587776 0.016667 0.024816
1 0.373177 0.535846 0.017188 0.023897
