0 0.291927 0.803768 0.069271 0.144301
0 0.632812 0.318474 0.052083 0.109375
0 0.724479 0.042739 0.071875 0.085478
0 0.357292 0.567555 0.047917 0.081801
1 0.913021 0.771599 0.038542 0.046875
1 0.942969 0.409007 0.034896 0.051471
1 0.407552 0.184283 0.015104 0.024816
1 0.784635 0.101562 0.045312 0.070772
1 0.147135 0.952206 0.049479 0.068015
1 0.034896 0.849724 0.020833 0.078125
1 0.032552 0.960018 0.024479 0.041360
1 0.042448 0.920956 0.031771 0.040441
1 0.058073 0.864430 0.016146 0.041360
1 0.138021 0.981158 0.025000 0.035846
