0 0.246094 0.834559 0.010937 0.023897
0 0.206771 0.507353 0.028125 0.034926
0 0.215365 0.247702 0.017188 0.013787
0 0.680990 0.670496 0.007812 0.034007
0 0.661198 0.320772 0.008854 0.025735
1 0.978906 0.635110 0.026562 0.049632
1 0.295573 0.054228 0.011979 0.014706
1 0.186458 0.267463 0.008333 0.011029
1 0.166146 0.823529 0.011458 0.027574
1 0.314063 0.532169 0.007292 0.011029
1 0.927865 0.690257 0.020313 0.044118
1 0.053385 0.163143 0.019271 0.037684
1 0.289323 0.189338 0.040104 0.064338
1 0.187240 0.093750 0.135937 0.187500
1 0.295833 0.147059 0.010417 0.023897
1 0.284896 0.203585 0.054167 0.096507
1 0.328385 0.138327 0.009896 0.022978
1 0.278125 0.118566 0.038542 0.064338
1 0.232031 0.061121 0.066146 0.083640
1 0.973698 0.064338 0.035937 0.080882
1 0.378646 0.164522 0.086458 0.261029
1 0.325781 0.053768 0.057813 0.094669
1 0.273177 0.172794 0.006771 0.012868
