0 0.153906 0.503676 0.029687 0.020221
0 0.746094 0.134651 0.018229 0.019301
0 0.577865 0.213235 0.030729 0.055147
1 0.139583 0.459559 0.008333 0.011029
1 0.500000 0.090074 0.018750 0.029412
1 0.119531 0.819393 0.051562 0.083640
1 0.966146 0.091452 0.028125 0.039522
1 0.265625 0.017923 0.018750 0.035846
1 0.182292 0.768842 0.029167 0.052390
1 0.825260 0.335018 0.017188 0.034007
1 0.005729 0.609835 0.011458 0.024816
1 0.060677 0.835478 0.034896 0.053309
1 0.759896 0.226103 0.033333 0.045956
1 0.741667 0.116268 0.025000 0.028493
1 0.208333 0.696232 0.006250 0.019301
1 0.156250 0.912684 0.039583 0.069853
