0 0.292448 0.153493 0.063021 0.121324
0 0.296354 0.925551 0.079167 0.123162
0 0.843490 0.151195 0.083854 0.120404
0 0.877083 0.967831 0.029167 0.062500
0 0.872135 0.500460 0.034896 0.065257
0 0.320573 0.582261 0.057813 0.129596
1 0.113802 0.813879 0.021354 0.022978
1 0.043750 0.396140 0.010417 0.023897
1 0.731510 0.767923 0.015104 0.054228
1 0.335938 0.935662 0.013542 0.031250
1 0.253646 0.752298 0.021875 0.035846
1 0.235417 0.956801 0.073958 0.084559
1 0.258333 0.730699 0.019792 0.023897
1 0.171354 0.701287 0.029167 0.044118
1 0.181250 0.924632 0.014583 0.022059
1 0.311198 0.836397 0.031771 0.064338
1 0.265365 0.835018 0.019271 0.037684
1 0.179948 0.693015 0.015104 0.012868
1 0.164844 0.804228 0.020313 0.044118
1 0.245312 0.942096 0.052083 0.113971
