0 0.664583 0.704963 0.064583 0.125000
0 0.964063 0.398438 0.047917 0.092831
0 0.277604 0.944853 0.035417 0.108456
0 0.299479 0.015165 0.036458 0.030331
0 0.452865 0.738511 0.050521 0.085478
1 0.318490 0.373162 0.010937 0.012868
1 0.571875 0.793658 0.018750 0.028493
1 0.955990 0.050551 0.014063 0.018382
1 0.738802 0.043199 0.007812 0.011029
1 0.596354 0.669118 0.009375 0.020221
1 0.045312 0.850184 0.006250 0.020221
1 0.742448 0.750919 0.008854 0.018382
1 0.808854 0.006434 0.009375 0.012868
1 0.459115 0.675551 0.021354 0.020221
