0 0.359635 0.807904 0.107813 0.185662
0 0.107292 0.890625 0.061458 0.108456
0 0.938542 0.539982 0.121875 0.221507
0 0.738542 0.614430 0.115625 0.173713
0 0.043229 0.006434 0.010417 0.012868
0 0.217708 0.012868 0.023958 0.025735
1 0.758594 0.322151 0.082812 0.116728
1 0.216667 0.374081 0.011458 0.018382
1 0.553385 0.857996 0.056771 0.109375
1 0.309375 0.937040 0.053125 0.034007
1 0.190104 0.679688 0.010417 0.015625
1 0.247135 0.737592 0.020313 0.043199
1 0.313802 0.670037 0.032813 0.056985
1 0.261198 0.803768 0.038021 0.057904
1 0.965365 0.193934 0.011979 0.027574
1 0.966667 0.219669 0.041667 0.044118
1 0.957812 0.171415 0.018750 0.037684
1 0.215885 0.737132 0.020313 0.031250
