0 0.363021 0.705882 0.008333 0.047794
0 0.658333 0.826287 0.018750 0.014706
0 0.552604 0.064798 0.010417 0.048713
0 0.851302 0.853401 0.024479 0.037684
0 0.748437 0.099724 0.012500 0.045037
1 0.364583 0.850643 0.008333 0.019301
1 0.795573 0.515165 0.015104 0.032169
1 0.882812 0.073989 0.007292 0.021140
1 0.941146 0.330882 0.033333 0.047794
1 0.212500 0.711397 0.005208 0.025735
1 0.567708 0.760570 0.032292 0.024816
1 0.345573 0.086857 0.052604 0.113051
1 0.409896 0.097426 0.009375 0.016544
1 0.382031 0.230699 0.024479 0.058824
1 0.382292 0.087776 0.026042 0.032169
1 0.311458 0.204963 0.016667 0.033088
1 0.322656 0.083180 0.049479 0.052390
1 0.320833 0.197151 0.006250 0.010110
1 0.416927 0.163143 0.007812 0.013787
1 0.296094 0.117188 0.043229 0.039522
1 0.378646 0.123162 0.005208 0.034926
1 0.342448 0.109375 0.117188 0.113971
1 0.280729 0.068934 0.010417 0.022059
