0 0.217969 0.632812 0.210938 0.364890
0 0.974479 0.931526 0.050000 0.135110
0 0.022917 0.546415 0.045833 0.129596
0 0.421094 0.739430 0.097396 0.177390
0 0.704948 0.100184 0.234896 0.200368
0 0.618229 0.808824 0.204167 0.327206
0 0.875000 0.889246 0.126042 0.219669
0 0.927865 0.146140 0.143229 0.292279
1 0.309375 0.442096 0.018750 0.020221
1 0.886458 0.561121 0.157292 0.164522
1 0.050521 0.681985 0.039583 0.038603
1 0.192969 0.955882 0.022396 0.047794
1 0.150781 0.888787 0.019271 0.036765
1 0.116146 0.948989 0.118750 0.100184
1 0.078646 0.959559 0.005208 0.012868
1 0.217969 0.958640 0.022396 0.022059
1 0.145052 0.956801 0.066146 0.084559
