0 0.200781 0.977482 0.031771 0.043199
0 0.309115 0.295496 0.013021 0.089154
0 0.728906 0.571691 0.017188 0.080882
0 0.270833 0.659007 0.031250 0.023897
0 0.780208 0.242188 0.046875 0.041360
0 0.710677 0.866728 0.018229 0.086397
1 0.931771 0.964614 0.037500 0.057904
1 0.331771 0.662684 0.014583 0.023897
1 0.499219 0.954044 0.013021 0.027574
1 0.770052 0.833640 0.029687 0.040441
1 0.876302 0.672794 0.021354 0.045956
1 0.761719 0.806526 0.028646 0.057904
1 0.852344 0.681526 0.018229 0.024816
1 0.024479 0.136489 0.030208 0.048713
1 0.468750 0.898438 0.029167 0.068934
