0 0.490365 0.522978 0.013021 0.044118
0 0.822396 0.012868 0.032292 0.022059
0 0.626823 0.222426 0.014063 0.075368
1 0.023177 0.156710 0.018229 0.024816
1 0.639844 0.076746 0.054688 0.061581
1 0.580990 0.044118 0.011979 0.014706
1 0.842969 0.157629 0.055729 0.179228
1 0.791927 0.584559 0.040104 0.062500
1 0.678906 0.581801 0.017188 0.049632
1 0.699740 0.690257 0.018229 0.027574
1 0.762500 0.693934 0.031250 0.051471
1 0.779427 0.806066 0.011979 0.022059
1 0.631510 0.795956 0.042188 0.088235
1 0.745052 0.793199 0.005729 0.016544
