0 0.693229 0.910846 0.200000 0.176471
0 0.433854 0.871783 0.205208 0.254596
0 0.806510 0.984835 0.235937 0.028493
0 0.841406 0.221507 0.266146 0.443015
0 0.232552 0.641544 0.155729 0.191176
0 0.628646 0.159007 0.263542 0.318015
0 0.949740 0.238511 0.099479 0.355699
0 0.086719 0.587316 0.173437 0.468750
1 0.769531 0.341912 0.052604 0.091912
1 0.408073 0.396599 0.014063 0.022978
1 0.740885 0.811121 0.039062 0.057904
1 0.013802 0.529412 0.027604 0.011029
1 0.798438 0.281250 0.009375 0.025735
1 0.051562 0.973805 0.015625 0.030331
