0 0.062500 0.521140 0.022917 0.064338
0 0.608073 0.189798 0.007812 0.028493
0 0.241146 0.937040 0.012500 0.046875
0 0.909635 0.710018 0.015104 0.067096
1 0.029948 0.814798 0.007812 0.019301
1 0.745052 0.280331 0.013021 0.018382
1 0.826562 0.840993 0.059375 0.115809
1 0.838281 0.945772 0.027604 0.051471
1 0.978646 0.445312 0.031250 0.037684
1 0.851302 0.928768 0.019271 0.021140
1 0.897656 0.847426 0.014063 0.025735
1 0.928125 0.703125 0.028125 0.033088
1 0.969271 0.932445 0.010417 0.010110
1 0.217969 0.598346 0.025521 0.038603
1 0.893490 0.982537 0.048438 0.033088
1 0.969010 0.800551 0.010937 0.016544
