0 0.169010 0.379596 0.015104 0.091912
0 0.690625 0.690257 0.031250 0.036765
0 0.552865 0.883732 0.027604 0.026654
0 0.870052 0.560202 0.054688 0.032169
0 0.322917 0.229779 0.022917 0.049632
0 0.450781 0.057904 0.023438 0.038603
1 0.640104 0.792279 0.031250 0.053309
1 0.439063 0.346507 0.014583 0.022059
1 0.661458 0.869945 0.026042 0.046875
1 0.623437 0.099724 0.007292 0.015625
1 0.761719 0.879136 0.011979 0.032169
1 0.351823 0.694393 0.040104 0.072610
1 0.515365 0.193474 0.053646 0.076287
1 0.345573 0.510570 0.063021 0.120404
