0 0.509635 0.386949 0.066146 0.117647
0 0.033073 0.550551 0.066146 0.161765
0 0.237760 0.482996 0.133854 0.149816
0 0.863021 0.237592 0.084375 0.159007
1 0.735417 0.978401 0.006250 0.010110
1 0.670573 0.545037 0.052604 0.064338
1 0.696354 0.203125 0.015625 0.012868
1 0.034115 0.185662 0.034896 0.047794
1 0.459896 0.748162 0.011458 0.016544
1 0.114062 0.923713 0.005208 0.009191
1 0.552344 0.898897 0.006771 0.012868
1 0.535417 0.809743 0.040625 0.060662
1 0.167187 0.778493 0.013542 0.031250
1 0.129948 0.842831 0.026562 0.068015
1 0.670573 0.843750 0.024479 0.033088
1 0.098958 0.925551 0.006250 0.009191
1 0.148438 0.786765 0.011458 0.014706
1 0.177344 0.755974 0.026562 0.070772
1 0.604688 0.838695 0.020833 0.041360
1 0.108594 0.956342 0.040104 0.067096
1 0.118229 0.731618 0.026042 0.022059
